           1 0.9809 0.0132 0.0031 0.0027 
           1 0.9920 0.0025 0.0026 0.0029 
           1 0.9945 0.0014 0.0028 0.0013 
           1 0.9849 0.0062 0.0041 0.0048 
           1 0.9543 0.0152 0.0219 0.0085 
           1 0.9058 0.0862 0.0030 0.0050 
           1 0.9745 0.0072 0.0030 0.0153 
           1 0.7760 0.0099 0.0124 0.2017 
           1 0.9954 0.0015 0.0016 0.0014 
           1 0.8763 0.1037 0.0116 0.0084 
           1 0.9233 0.0462 0.0118 0.0187 
           1 0.9816 0.0053 0.0084 0.0047 
           1 0.9827 0.0036 0.0045 0.0092 
           1 0.5433 0.0320 0.0061 0.4186 
           1 0.9360 0.0228 0.0064 0.0348 
           1 0.9897 0.0017 0.0049 0.0036 
           1 0.9786 0.0024 0.0041 0.0150 
           1 0.9301 0.0039 0.0099 0.0560 
           1 0.9826 0.0017 0.0060 0.0097 
           1 0.7829 0.0334 0.0056 0.1781 
           1 0.9725 0.0060 0.0028 0.0187 
           1 0.9822 0.0066 0.0036 0.0077 
           1 0.9686 0.0109 0.0063 0.0142 
           1 0.9878 0.0047 0.0042 0.0033 
           1 0.9851 0.0019 0.0024 0.0106 
           1 0.9697 0.0035 0.0062 0.0206 
           1 0.9019 0.0012 0.0894 0.0075 
           1 0.9610 0.0060 0.0075 0.0255 
           1 0.6457 0.0311 0.0426 0.2806 
           1 0.9148 0.0069 0.0634 0.0149 
           1 0.9892 0.0059 0.0020 0.0029 
           1 0.9564 0.0092 0.0116 0.0229 
           1 0.9930 0.0029 0.0012 0.0029 
           1 0.9679 0.0017 0.0029 0.0275 
           1 0.9880 0.0044 0.0024 0.0052 
           1 0.9880 0.0026 0.0027 0.0067 
           1 0.9720 0.0077 0.0055 0.0149 
           1 0.9881 0.0029 0.0033 0.0058 
           1 0.9587 0.0197 0.0045 0.0171 
           1 0.9568 0.0053 0.0315 0.0064 
           1 0.9850 0.0025 0.0037 0.0088 
           1 0.9827 0.0038 0.0074 0.0061 
           1 0.5824 0.0425 0.1061 0.2690 
           1 0.9937 0.0017 0.0022 0.0024 
           1 0.9036 0.0128 0.0048 0.0787 
           1 0.9638 0.0105 0.0058 0.0199 
           1 0.9908 0.0024 0.0023 0.0045 
           1 0.8852 0.0183 0.0852 0.0113 
           1 0.8940 0.0402 0.0169 0.0490 
           1 0.9370 0.0453 0.0088 0.0088 
           1 0.9939 0.0025 0.0016 0.0021 
           1 0.8256 0.0042 0.0086 0.1616 
           1 0.9340 0.0492 0.0037 0.0131 
           1 0.9707 0.0056 0.0037 0.0200 
           1 0.9874 0.0021 0.0067 0.0037 
           1 0.9853 0.0021 0.0041 0.0085 
           1 0.9512 0.0044 0.0340 0.0104 
           1 0.6385 0.1503 0.0228 0.1884 
           1 0.2864 0.0573 0.0072 0.6491 
           1 0.8917 0.0213 0.0422 0.0448 
           1 0.9258 0.0116 0.0110 0.0516 
           1 0.9790 0.0041 0.0120 0.0049 
           1 0.9708 0.0097 0.0102 0.0093 
           1 0.9890 0.0033 0.0019 0.0058 
           1 0.9916 0.0022 0.0019 0.0043 
           1 0.9949 0.0019 0.0008 0.0024 
           1 0.8629 0.0047 0.0077 0.1247 
           1 0.9666 0.0138 0.0092 0.0104 
           1 0.6962 0.0062 0.0062 0.2915 
           1 0.9739 0.0074 0.0112 0.0075 
           1 0.9181 0.0046 0.0323 0.0451 
           1 0.9794 0.0019 0.0021 0.0165 
           1 0.9360 0.0241 0.0088 0.0311 
           1 0.9926 0.0015 0.0014 0.0045 
           1 0.9635 0.0056 0.0116 0.0193 
           1 0.9319 0.0084 0.0392 0.0205 
           1 0.7683 0.0058 0.0106 0.2152 
           1 0.9864 0.0108 0.0013 0.0014 
           1 0.8547 0.0919 0.0416 0.0118 
           1 0.9742 0.0102 0.0035 0.0122 
           1 0.9516 0.0237 0.0086 0.0161 
           1 0.9854 0.0028 0.0016 0.0101 
           1 0.9870 0.0038 0.0033 0.0059 
           1 0.9528 0.0134 0.0136 0.0202 
           1 0.8769 0.0033 0.0217 0.0981 
           1 0.9437 0.0073 0.0417 0.0073 
           1 0.9640 0.0123 0.0062 0.0176 
           1 0.9652 0.0046 0.0135 0.0167 
           1 0.9625 0.0085 0.0074 0.0216 
           1 0.9844 0.0029 0.0047 0.0080 
           1 0.6902 0.0314 0.0081 0.2703 
           1 0.6930 0.1444 0.0088 0.1537 
           1 0.6670 0.0067 0.0130 0.3133 
           1 0.9552 0.0061 0.0087 0.0301 
           1 0.6598 0.0074 0.0034 0.3294 
           1 0.6573 0.0047 0.0025 0.3356 
           1 0.9363 0.0342 0.0062 0.0234 
           1 0.8619 0.0639 0.0020 0.0723 
           1 0.5307 0.1317 0.0752 0.2624 
           1 0.8874 0.0434 0.0053 0.0639 
           1 0.3372 0.1881 0.0543 0.4204 
           1 0.1291 0.3654 0.2106 0.2950 
           1 0.2052 0.1683 0.2018 0.4247 
           1 0.2185 0.2590 0.0839 0.4386 
           1 0.2153 0.2999 0.1132 0.3716 
           1 0.3426 0.2198 0.1806 0.2570 
           1 0.3222 0.2768 0.0595 0.3416 
           1 0.2462 0.2339 0.1092 0.4108 
           1 0.4508 0.0916 0.0090 0.4485 
           1 0.1491 0.0677 0.0068 0.7764 
           1 0.8155 0.0042 0.0328 0.1475 
           1 0.0095 0.5757 0.2343 0.1805 
           1 0.0054 0.1158 0.8596 0.0192 
           1 0.0063 0.1927 0.7962 0.0049 
           1 0.0049 0.5949 0.3965 0.0037 
           1 0.0139 0.0401 0.9049 0.0411 
           1 0.0089 0.0775 0.9042 0.0095 
           1 0.0308 0.4157 0.5383 0.0153 
           1 0.0050 0.0124 0.9726 0.0101 
           1 0.0079 0.2968 0.6901 0.0052 
           1 0.0074 0.6160 0.3498 0.0268 
           1 0.0027 0.5976 0.3954 0.0043 
           1 0.0049 0.6966 0.2963 0.0023 
           1 0.0048 0.0186 0.9726 0.0040 
           1 0.0128 0.0331 0.9390 0.0151 
           1 0.3331 0.0209 0.0274 0.6186 
           1 0.0897 0.0038 0.0186 0.8878 
           1 0.0428 0.0026 0.0102 0.9444 
           1 0.0374 0.0030 0.0026 0.9569 
           1 0.0448 0.0060 0.0185 0.9307 
           1 0.1897 0.0039 0.0068 0.7996 
           1 0.0244 0.0069 0.0038 0.9649 
           1 0.1311 0.0054 0.0051 0.8584 
           1 0.0705 0.0023 0.0080 0.9192 
           1 0.3040 0.0068 0.0131 0.6761 
           1 0.0075 0.0593 0.0179 0.9153 
           1 0.2520 0.0049 0.0045 0.7386 
           1 0.0159 0.0085 0.0062 0.9694 
           1 0.0521 0.0048 0.0030 0.9401 
           1 0.0101 0.0023 0.0022 0.9854 
           1 0.0245 0.0187 0.0251 0.9317 
           1 0.0094 0.0156 0.0573 0.9178 
           1 0.1564 0.0093 0.0101 0.8242 
           1 0.0051 0.0163 0.0096 0.9690 
           1 0.0042 0.0103 0.0040 0.9816 
           1 0.0406 0.0198 0.0487 0.8909 
           1 0.0047 0.0135 0.0481 0.9337 
           1 0.0102 0.0083 0.0100 0.9715 
           1 0.0053 0.0100 0.0132 0.9714 
           1 0.0027 0.0111 0.0096 0.9767 
           1 0.0402 0.9350 0.0192 0.0056 
           1 0.0042 0.9912 0.0024 0.0022 
           1 0.0036 0.9932 0.0018 0.0014 
           1 0.0053 0.9505 0.0068 0.0375 
           1 0.0086 0.9846 0.0039 0.0028 
           1 0.0535 0.3161 0.0379 0.5925 
           1 0.0150 0.9672 0.0143 0.0035 
           1 0.0033 0.9921 0.0032 0.0014 
           1 0.0062 0.9901 0.0019 0.0018 
           1 0.0407 0.9139 0.0087 0.0366 
           1 0.0162 0.9773 0.0032 0.0034 
           1 0.0067 0.9860 0.0033 0.0040 
           1 0.0146 0.6261 0.3567 0.0026 
           1 0.0100 0.9661 0.0143 0.0096 
           1 0.0639 0.4751 0.4563 0.0047 
           1 0.1209 0.6160 0.2603 0.0028 
           1 0.4137 0.0104 0.0571 0.5188 
           1 0.0062 0.6424 0.3502 0.0013 
           1 0.0137 0.9761 0.0044 0.0057 
           1 0.0079 0.9811 0.0055 0.0054 
           1 0.7631 0.0041 0.0641 0.1688 
           1 0.8560 0.0056 0.0037 0.1347 
           1 0.8120 0.0053 0.0345 0.1483 
           1 0.9431 0.0063 0.0144 0.0362 
           1 0.9875 0.0038 0.0049 0.0039 
           1 0.9605 0.0044 0.0283 0.0069 
           1 0.7821 0.0040 0.0911 0.1228 
           1 0.8048 0.0063 0.0043 0.1846 
           1 0.8943 0.0058 0.0173 0.0826 
           1 0.0144 0.0024 0.7169 0.2662 
           1 0.0117 0.0038 0.7237 0.2608 
           1 0.0074 0.1177 0.8676 0.0073 
           1 0.0373 0.0096 0.7510 0.2021 
           1 0.0029 0.0034 0.9860 0.0077 
           1 0.0244 0.0072 0.9620 0.0063 
           1 0.0163 0.0014 0.7638 0.2185 
           1 0.0053 0.0366 0.9516 0.0066 
           1 0.0265 0.1587 0.8105 0.0044 
           1 0.1364 0.0029 0.7934 0.0673 
           1 0.0067 0.0046 0.0151 0.9736 
           1 0.0383 0.0040 0.0322 0.9256 
           1 0.0040 0.0105 0.0117 0.9737 
           1 0.0710 0.0041 0.0081 0.9167 
           1 0.0127 0.0190 0.0057 0.9625 
           1 0.0141 0.0046 0.0267 0.9546 
           1 0.0055 0.0033 0.0171 0.9741 
           1 0.1927 0.0024 0.0143 0.7906 
           1 0.0058 0.0060 0.0113 0.9769 
           1 0.0102 0.0049 0.0107 0.9742 
           1 0.0051 0.0156 0.0678 0.9114 
           1 0.0052 0.0224 0.1139 0.8585 
           1 0.0050 0.0046 0.0130 0.9774 
           1 0.2359 0.0090 0.0057 0.7495 
           1 0.0101 0.0104 0.0104 0.9691 
           1 0.1893 0.0721 0.0095 0.7292 
           1 0.0703 0.0060 0.0587 0.8649 
           1 0.0086 0.0071 0.0710 0.9133 
           1 0.2873 0.0070 0.2397 0.4661 
           1 0.0162 0.0043 0.1747 0.8049 
           1 0.0183 0.0050 0.0157 0.9610 
           1 0.0114 0.0098 0.1373 0.8414 
           1 0.1081 0.0138 0.2253 0.6527 
           1 0.3268 0.0340 0.1353 0.5039 
           1 0.0124 0.2543 0.7024 0.0309 
           1 0.0178 0.1492 0.8206 0.0124 
           1 0.0066 0.2305 0.7588 0.0042 
           1 0.0391 0.1437 0.8162 0.0010 
           1 0.0113 0.6907 0.2972 0.0008 
           1 0.0983 0.0045 0.8954 0.0018 
           1 0.0672 0.1494 0.7817 0.0017 
           1 0.0105 0.5767 0.4005 0.0122 
           1 0.0187 0.5984 0.3810 0.0019 
           1 0.0114 0.0639 0.8959 0.0289 
           1 0.0140 0.0660 0.9091 0.0110 
           1 0.0075 0.0141 0.9590 0.0194 
           1 0.0155 0.0267 0.9290 0.0288 
           1 0.0127 0.1692 0.8132 0.0049 
           1 0.0037 0.0223 0.9703 0.0036 
           1 0.0417 0.0029 0.9537 0.0018 
           1 0.0145 0.0919 0.8747 0.0189 
           1 0.0164 0.1358 0.8235 0.0243 
           1 0.0088 0.2580 0.7245 0.0087 
           1 0.0598 0.0031 0.9165 0.0206 
           1 0.0049 0.0209 0.9643 0.0099 
           1 0.0056 0.2624 0.7282 0.0039 
           1 0.0102 0.4430 0.5393 0.0075 
           1 0.0360 0.0053 0.8380 0.1207 
           1 0.0321 0.1822 0.7824 0.0032 
           1 0.0052 0.5942 0.3975 0.0031 
           1 0.0138 0.1231 0.8554 0.0077 
           1 0.0249 0.1864 0.7702 0.0185 
           1 0.0125 0.1107 0.8651 0.0118 
           1 0.0875 0.0632 0.0896 0.7597 
           1 0.0624 0.0111 0.0173 0.9091 
           1 0.0097 0.0501 0.0125 0.9278 
           1 0.0275 0.0065 0.0153 0.9508 
           1 0.4459 0.0047 0.0187 0.5306 
           1 0.0395 0.0120 0.0453 0.9032 
           1 0.1675 0.0451 0.0032 0.7842 
           1 0.0123 0.0085 0.0075 0.9717 
           1 0.0460 0.8971 0.0212 0.0356 
           1 0.2894 0.4504 0.0766 0.1837 
           1 0.0587 0.2617 0.0706 0.6090 
           1 0.0054 0.1297 0.8349 0.0300 
           1 0.0057 0.1127 0.8737 0.0079 
           1 0.0077 0.0028 0.7061 0.2834 
           1 0.0123 0.0032 0.7760 0.2085 
           1 0.2636 0.0023 0.6787 0.0553 
           1 0.0196 0.0081 0.6079 0.3644 
           1 0.0066 0.0145 0.6843 0.2946 
           1 0.0048 0.0049 0.5771 0.4132 
           1 0.0137 0.0024 0.5248 0.4591 
           1 0.0419 0.5788 0.3397 0.0397 
           1 0.3128 0.4949 0.0391 0.1531 
           1 0.0025 0.9947 0.0018 0.0009 
           1 0.0023 0.9888 0.0042 0.0047 
           1 0.1085 0.8858 0.0044 0.0013 
           1 0.0104 0.9592 0.0167 0.0137 
           1 0.0039 0.9701 0.0224 0.0036 
           1 0.0041 0.9886 0.0050 0.0023 
           1 0.3123 0.3987 0.0388 0.2501 
           1 0.2880 0.2159 0.2132 0.2828 
           1 0.2093 0.3344 0.0689 0.3874 
           1 0.4594 0.1722 0.1282 0.2402 
           1 0.4176 0.2327 0.0504 0.2993 
           1 0.2356 0.2447 0.0182 0.5016 
           1 0.4270 0.2328 0.0273 0.3130 
           1 0.3632 0.1068 0.0032 0.5267 
           1 0.7186 0.2010 0.0707 0.0097 
           1 0.4543 0.1830 0.1826 0.1801 
           1 0.0327 0.1313 0.0183 0.8177 
           1 0.1487 0.2072 0.0031 0.6410 
           1 0.3132 0.0151 0.0286 0.6432 
           1 0.0470 0.0499 0.0354 0.8677 
           1 0.3224 0.0818 0.0234 0.5724 
           1 0.3416 0.0648 0.1676 0.4261 
           1 0.1804 0.0053 0.7910 0.0233 
           1 0.0097 0.1243 0.8641 0.0019 
           1 0.0066 0.0077 0.9695 0.0162 
           1 0.0117 0.0075 0.9592 0.0216 
           1 0.0045 0.0974 0.8904 0.0077 
           1 0.0322 0.0255 0.9362 0.0061 
           1 0.0119 0.0078 0.9451 0.0351 
           1 0.0531 0.0880 0.5440 0.3150 
           1 0.0121 0.1226 0.8562 0.0092 
           1 0.0043 0.0024 0.9909 0.0024 
           1 0.2555 0.0157 0.7057 0.0231 
           1 0.0121 0.0283 0.9445 0.0151 
           1 0.0175 0.5675 0.4060 0.0090 
           1 0.0313 0.0067 0.8293 0.1327 
           1 0.0123 0.0251 0.9579 0.0047 
           1 0.0057 0.0309 0.7277 0.2357 
           1 0.0068 0.0213 0.9591 0.0127 
           1 0.0681 0.0175 0.8418 0.0726 
           1 0.0097 0.0140 0.5873 0.3890 
           1 0.0787 0.0031 0.7343 0.1838 
           1 0.0386 0.0218 0.7041 0.2355 
           1 0.0015 0.0012 0.9957 0.0016 
           1 0.0182 0.0090 0.6955 0.2773 
           1 0.1121 0.0053 0.8788 0.0038 
           1 0.0345 0.0185 0.9091 0.0378 
           1 0.0274 0.0098 0.8954 0.0675 
           1 0.0031 0.0752 0.9160 0.0057 
           1 0.1290 0.0149 0.8346 0.0216 
           1 0.0042 0.0050 0.9870 0.0038 
           1 0.0199 0.0061 0.9554 0.0186 
           1 0.0069 0.0088 0.9808 0.0035 
           1 0.0752 0.0030 0.8596 0.0622 
           1 0.0027 0.0094 0.9802 0.0077 
           1 0.0113 0.0074 0.7380 0.2433 
           1 0.0212 0.0077 0.9520 0.0190 
           1 0.0042 0.0608 0.9304 0.0046 
           1 0.0532 0.0014 0.9197 0.0258 
           1 0.0212 0.0026 0.7257 0.2505 
           1 0.0024 0.0011 0.9946 0.0019 
           1 0.0207 0.1417 0.8049 0.0326 
           1 0.0030 0.0128 0.9756 0.0086 
           1 0.0046 0.0054 0.9855 0.0044 
           1 0.0045 0.0141 0.9774 0.0040 
           1 0.0134 0.0066 0.7341 0.2459 
           1 0.0111 0.0316 0.8276 0.1298 
           1 0.2576 0.1637 0.0180 0.5606 
           1 0.2354 0.1955 0.0100 0.5591 
           1 0.0068 0.9699 0.0062 0.0171 
           1 0.0133 0.8472 0.0124 0.1271 
           1 0.0080 0.1703 0.8124 0.0093 
           1 0.0281 0.3064 0.6309 0.0346 
           1 0.0367 0.0157 0.1238 0.8238 
           1 0.0285 0.0241 0.0039 0.9435 
           1 0.0187 0.0025 0.0045 0.9743 
           1 0.1442 0.0023 0.0094 0.8441 
           1 0.0051 0.0089 0.0127 0.9733 
           1 0.2710 0.0083 0.0120 0.7087 
           1 0.0145 0.0059 0.0117 0.9679 
           1 0.0063 0.0153 0.2476 0.7308 
           1 0.0338 0.0340 0.0401 0.8921 
           1 0.0094 0.0024 0.0388 0.9494 
           1 0.1513 0.0278 0.0067 0.8142 
           1 0.0114 0.0060 0.1053 0.8773 
           1 0.0070 0.0072 0.0131 0.9727 
           1 0.0439 0.0028 0.0078 0.9454 
           1 0.2609 0.0086 0.0085 0.7219 
           1 0.0090 0.0409 0.0567 0.8934 
           1 0.1965 0.0059 0.0100 0.7876 
           1 0.0221 0.0035 0.0080 0.9665 
           1 0.0204 0.0092 0.0175 0.9529 
           1 0.0089 0.0586 0.0077 0.9248 
           1 0.0205 0.0049 0.0049 0.9697 
           1 0.1849 0.0165 0.0233 0.7752 
           1 0.0956 0.0084 0.0078 0.8882 
           1 0.1539 0.0029 0.0033 0.8399 
           1 0.0302 0.0011 0.0031 0.9656 
           1 0.3781 0.0043 0.0064 0.6112 
           1 0.0140 0.0207 0.0055 0.9597 
           1 0.0221 0.0150 0.0188 0.9441 
           1 0.0175 0.0150 0.2420 0.7255 
           1 0.1964 0.0195 0.1026 0.6814 
           1 0.0284 0.0082 0.0067 0.9568 
           1 0.1665 0.0358 0.0219 0.7758 
           1 0.0614 0.0041 0.0102 0.9242 
           1 0.0982 0.0106 0.0093 0.8819 
           1 0.0126 0.0032 0.0081 0.9761 
           1 0.0087 0.0030 0.0200 0.9683 
           1 0.0712 0.0157 0.0034 0.9097 
           1 0.0069 0.0075 0.0083 0.9773 
           1 0.0104 0.0059 0.0428 0.9408 
           1 0.1074 0.0101 0.0080 0.8745 
           1 0.3149 0.0288 0.0020 0.6543 
           1 0.0204 0.0122 0.0074 0.9599 
           1 0.1321 0.0034 0.0036 0.8609 
           1 0.0318 0.0111 0.0049 0.9521 
           1 0.0238 0.0024 0.0047 0.9691 
           1 0.0957 0.0218 0.0097 0.8728 
           1 0.1383 0.1019 0.0110 0.7489 
           1 0.0081 0.0056 0.0048 0.9815 
           1 0.0524 0.0050 0.0097 0.9329 
           1 0.0180 0.0483 0.7306 0.2031 
           1 0.0307 0.3919 0.2764 0.3010 
           1 0.0428 0.0050 0.6675 0.2847 
           1 0.0107 0.0081 0.2786 0.7026 
           1 0.0381 0.0098 0.5019 0.4503 
           1 0.0045 0.0086 0.3154 0.6716 
           1 0.0079 0.0057 0.9508 0.0357 
           1 0.0242 0.3421 0.4724 0.1613 
           1 0.0376 0.0045 0.8010 0.1569 
           1 0.1420 0.0166 0.7874 0.0541 
           1 0.0038 0.0203 0.0225 0.9534 
           1 0.0123 0.0055 0.0153 0.9670 
           1 0.0065 0.7194 0.2703 0.0038 
           1 0.0375 0.0814 0.8632 0.0178 
           1 0.0118 0.0133 0.9489 0.0260 
           1 0.0070 0.0214 0.9561 0.0155 
           1 0.0245 0.0631 0.9056 0.0069 
           1 0.8936 0.0924 0.0094 0.0046 
           1 0.2859 0.0522 0.1111 0.5507 
           1 0.9688 0.0034 0.0146 0.0131 
           1 0.6530 0.0836 0.0371 0.2262 
           1 0.0046 0.7541 0.2396 0.0018 
           1 0.0051 0.9783 0.0108 0.0058 
           1 0.0337 0.0057 0.5047 0.4559 
           1 0.0360 0.0045 0.7079 0.2515 
           1 0.0066 0.9892 0.0019 0.0023 
           1 0.0037 0.9909 0.0023 0.0031 
           1 0.0022 0.9947 0.0019 0.0012 
           1 0.0198 0.7759 0.1982 0.0061 
           1 0.0089 0.0023 0.6625 0.3264 
           1 0.0666 0.0287 0.0114 0.8932 
           1 0.0941 0.0405 0.0125 0.8529 
           1 0.0062 0.0394 0.0077 0.9466 
           1 0.0092 0.0061 0.0049 0.9799 
           1 0.0339 0.0024 0.0046 0.9591 
           1 0.0217 0.0035 0.2379 0.7369 
           1 0.0232 0.1435 0.0432 0.7901 
           1 0.0076 0.0707 0.0148 0.9069 
           1 0.0041 0.0284 0.1296 0.8378 
           1 0.1293 0.0575 0.0206 0.7925 
           1 0.0086 0.0042 0.0047 0.9825 
           1 0.0115 0.0038 0.0218 0.9629 
           1 0.0068 0.0933 0.0126 0.8873 
           1 0.0111 0.0220 0.0091 0.9578 
           1 0.0330 0.0880 0.0402 0.8388 
           1 0.0097 0.0692 0.0041 0.9170 
           1 0.0062 0.0153 0.0037 0.9749 
           1 0.0077 0.0066 0.0114 0.9742 
           1 0.0160 0.0164 0.1073 0.8603 
           1 0.0058 0.9810 0.0084 0.0048 
           1 0.0053 0.9867 0.0027 0.0052 
           1 0.0129 0.9521 0.0142 0.0208 
           1 0.0084 0.8062 0.1450 0.0404 
           1 0.0052 0.9898 0.0022 0.0028 
           1 0.0027 0.9936 0.0016 0.0021 
           1 0.0045 0.7094 0.2665 0.0196 
           1 0.0129 0.9456 0.0200 0.0215 
           1 0.0084 0.9738 0.0123 0.0055 
           1 0.0022 0.9932 0.0027 0.0019 
