           1 0.2532 0.0037 0.0024 0.0287 0.0065 0.6981 0.0033 0.0040 
           1 0.0181 0.0056 0.0093 0.0172 0.0043 0.8991 0.0186 0.0280 
           1 0.0109 0.0036 0.0032 0.0471 0.0023 0.9078 0.0138 0.0113 
           1 0.0654 0.0097 0.0215 0.0645 0.0099 0.8006 0.0230 0.0055 
           1 0.0362 0.0289 0.0181 0.1181 0.0109 0.7461 0.0252 0.0165 
           1 0.0368 0.0018 0.0364 0.0869 0.0790 0.7057 0.0125 0.0410 
           1 0.2208 0.0024 0.0095 0.0906 0.0034 0.6284 0.0064 0.0386 
           1 0.0073 0.0039 0.1575 0.1694 0.0159 0.4967 0.0103 0.1389 
           1 0.0034 0.0030 0.0047 0.0089 0.0046 0.9619 0.0081 0.0055 
           1 0.2180 0.0029 0.0487 0.1866 0.0054 0.3472 0.0041 0.1870 
           1 0.0217 0.0150 0.0389 0.1647 0.0624 0.6322 0.0042 0.0609 
           1 0.0050 0.0093 0.0112 0.0022 0.0066 0.7627 0.0040 0.1989 
           1 0.0727 0.0043 0.0282 0.2238 0.0039 0.6259 0.0089 0.0323 
           1 0.1925 0.0059 0.0443 0.6474 0.0054 0.0800 0.0220 0.0026 
           1 0.0024 0.0087 0.1704 0.1629 0.0200 0.6164 0.0097 0.0093 
           1 0.0060 0.0085 0.0472 0.0112 0.0055 0.9126 0.0054 0.0035 
           1 0.0043 0.0069 0.1188 0.0386 0.0030 0.6890 0.0086 0.1308 
           1 0.0049 0.0098 0.1024 0.2325 0.0034 0.5909 0.0311 0.0250 
           1 0.0062 0.0089 0.1486 0.0108 0.0043 0.7628 0.0214 0.0370 
           1 0.0133 0.0022 0.2197 0.2854 0.0067 0.4310 0.0040 0.0378 
           1 0.1845 0.0015 0.0027 0.2998 0.0031 0.4968 0.0058 0.0056 
           1 0.0148 0.0079 0.0419 0.1825 0.0079 0.7264 0.0141 0.0047 
           1 0.0182 0.0044 0.0967 0.0144 0.0126 0.8057 0.0328 0.0153 
           1 0.2320 0.0032 0.0101 0.0491 0.0064 0.6917 0.0041 0.0034 
           1 0.0823 0.0053 0.0671 0.0393 0.0035 0.7260 0.0227 0.0537 
           1 0.0175 0.0027 0.0389 0.2878 0.0080 0.6290 0.0028 0.0133 
           1 0.1074 0.0968 0.0081 0.0140 0.0031 0.7488 0.0201 0.0017 
           1 0.0048 0.0044 0.0077 0.0326 0.0057 0.3013 0.0104 0.6330 
           1 0.3445 0.0067 0.0326 0.4819 0.0034 0.1222 0.0069 0.0017 
           1 0.0041 0.0530 0.1858 0.0699 0.0140 0.6279 0.0041 0.0412 
           1 0.0039 0.0037 0.1327 0.0053 0.0091 0.8414 0.0026 0.0013 
           1 0.1804 0.0036 0.0793 0.2001 0.0039 0.5246 0.0047 0.0034 
           1 0.0039 0.0010 0.2602 0.0773 0.0038 0.6507 0.0021 0.0010 
           1 0.0087 0.0045 0.3171 0.0068 0.0045 0.6454 0.0042 0.0088 
           1 0.0055 0.0043 0.1234 0.0286 0.0063 0.8086 0.0051 0.0183 
           1 0.0108 0.0027 0.2582 0.0538 0.0035 0.6644 0.0034 0.0032 
           1 0.2076 0.0045 0.0130 0.1890 0.0050 0.5531 0.0226 0.0051 
           1 0.0158 0.0037 0.0756 0.0145 0.0054 0.8639 0.0157 0.0054 
           1 0.0052 0.0036 0.0141 0.0986 0.0361 0.7732 0.0650 0.0041 
           1 0.2994 0.0090 0.0074 0.0321 0.0043 0.6387 0.0028 0.0063 
           1 0.0786 0.0048 0.0744 0.0565 0.0046 0.7574 0.0218 0.0018 
           1 0.0217 0.0192 0.0035 0.1786 0.0054 0.7454 0.0177 0.0086 
           1 0.0069 0.0534 0.0123 0.6131 0.0097 0.2614 0.0090 0.0342 
           1 0.0125 0.0019 0.0399 0.0044 0.0051 0.9175 0.0142 0.0044 
           1 0.1496 0.0038 0.0154 0.2797 0.0056 0.4758 0.0465 0.0237 
           1 0.0042 0.0046 0.0508 0.0923 0.0175 0.7561 0.0586 0.0158 
           1 0.0054 0.0034 0.0364 0.0831 0.0061 0.8561 0.0075 0.0020 
           1 0.1997 0.0318 0.0036 0.0176 0.0157 0.6379 0.0603 0.0334 
           1 0.0092 0.0120 0.1591 0.0157 0.0310 0.6938 0.0744 0.0047 
           1 0.0028 0.0135 0.0118 0.1588 0.0222 0.6306 0.0078 0.1525 
           1 0.0028 0.0035 0.0039 0.0029 0.0037 0.9752 0.0060 0.0021 
           1 0.0449 0.0098 0.1637 0.1928 0.0042 0.5276 0.0544 0.0026 
           1 0.2040 0.0044 0.0059 0.1197 0.0214 0.5939 0.0098 0.0408 
           1 0.0078 0.0021 0.0110 0.0943 0.0072 0.7340 0.0600 0.0837 
           1 0.0042 0.0271 0.0310 0.0330 0.0031 0.8819 0.0177 0.0020 
           1 0.0087 0.0043 0.0978 0.0172 0.0070 0.8503 0.0078 0.0068 
           1 0.0072 0.0150 0.0025 0.1803 0.0051 0.6768 0.0100 0.1031 
           1 0.0212 0.0076 0.0381 0.5050 0.0957 0.3247 0.0031 0.0047 
           1 0.0324 0.0034 0.0042 0.9376 0.0041 0.0033 0.0019 0.0131 
           1 0.1465 0.0099 0.0076 0.1226 0.0075 0.5508 0.1014 0.0537 
           1 0.0058 0.0047 0.0109 0.2918 0.0056 0.4990 0.0186 0.1636 
           1 0.0053 0.0210 0.0805 0.0064 0.0164 0.8637 0.0048 0.0018 
           1 0.1758 0.0050 0.0090 0.0148 0.0052 0.6128 0.0052 0.1722 
           1 0.0037 0.0025 0.1009 0.0026 0.0099 0.8668 0.0100 0.0036 
           1 0.0194 0.0076 0.0148 0.0431 0.0057 0.8427 0.0077 0.0591 
           1 0.0116 0.0047 0.0089 0.0066 0.0035 0.9566 0.0047 0.0034 
           1 0.0074 0.0071 0.1308 0.0513 0.0052 0.5726 0.0452 0.1803 
           1 0.2016 0.0059 0.0036 0.1577 0.0030 0.5216 0.0101 0.0966 
           1 0.0121 0.0066 0.0135 0.1600 0.0056 0.5183 0.2780 0.0058 
           1 0.0074 0.0117 0.0043 0.1371 0.0180 0.7576 0.0066 0.0574 
           1 0.3035 0.0047 0.0135 0.0595 0.0045 0.6009 0.0072 0.0063 
           1 0.0122 0.0023 0.0395 0.2704 0.0051 0.6611 0.0075 0.0019 
           1 0.0122 0.0087 0.0298 0.1887 0.0147 0.6762 0.0114 0.0582 
           1 0.0111 0.0055 0.0583 0.0072 0.0023 0.8703 0.0361 0.0092 
           1 0.1159 0.0121 0.0894 0.0644 0.0044 0.6842 0.0204 0.0092 
           1 0.1894 0.0080 0.0184 0.0094 0.0025 0.5491 0.0110 0.2122 
           1 0.0055 0.0226 0.0207 0.4604 0.0033 0.4392 0.0243 0.0239 
           1 0.0068 0.0021 0.0216 0.0702 0.0364 0.8504 0.0102 0.0022 
           1 0.2273 0.0107 0.0082 0.2187 0.0270 0.4840 0.0151 0.0089 
           1 0.0182 0.0059 0.1605 0.1011 0.0056 0.7002 0.0060 0.0026 
           1 0.0250 0.0072 0.0307 0.1804 0.0097 0.6569 0.0118 0.0783 
           1 0.0025 0.0060 0.1229 0.0188 0.0053 0.7970 0.0314 0.0162 
           1 0.0195 0.0029 0.1136 0.0366 0.0120 0.7739 0.0385 0.0030 
           1 0.1739 0.0090 0.0065 0.2303 0.0031 0.4805 0.0082 0.0885 
           1 0.0762 0.0050 0.0121 0.3156 0.0027 0.3778 0.0036 0.2070 
           1 0.0087 0.0313 0.0045 0.0027 0.0090 0.7057 0.0155 0.2226 
           1 0.2149 0.0042 0.0132 0.0834 0.0073 0.6594 0.0122 0.0054 
           1 0.0474 0.0300 0.0604 0.0287 0.0046 0.7627 0.0419 0.0243 
           1 0.0186 0.0089 0.0041 0.2577 0.0061 0.6325 0.0392 0.0330 
           1 0.0217 0.0118 0.0056 0.0287 0.0020 0.7757 0.0063 0.1482 
           1 0.1526 0.0141 0.0094 0.5280 0.0056 0.1932 0.0070 0.0901 
           1 0.0652 0.0040 0.0373 0.2990 0.0969 0.3861 0.0310 0.0805 
           1 0.1375 0.0140 0.1226 0.3991 0.0028 0.3190 0.0037 0.0014 
           1 0.0136 0.0106 0.0513 0.2576 0.0060 0.6265 0.0128 0.0215 
           1 0.0587 0.0032 0.2453 0.1195 0.0097 0.4691 0.0560 0.0385 
           1 0.1034 0.0027 0.0793 0.4834 0.0032 0.3047 0.0186 0.0047 
           1 0.0537 0.0074 0.0717 0.2109 0.0168 0.6183 0.0162 0.0050 
           1 0.2385 0.0027 0.0260 0.1573 0.0160 0.5166 0.0399 0.0031 
           1 0.0186 0.0855 0.0806 0.4281 0.0698 0.3068 0.0098 0.0008 
           1 0.0314 0.0035 0.0091 0.4542 0.0166 0.4720 0.0107 0.0026 
           1 0.0516 0.0590 0.1089 0.6325 0.1204 0.0060 0.0196 0.0020 
           1 0.0231 0.1700 0.2789 0.1505 0.3097 0.0068 0.0134 0.0475 
           1 0.0117 0.1436 0.5252 0.0141 0.1494 0.1290 0.0170 0.0100 
           1 0.0478 0.0427 0.5836 0.0408 0.2367 0.0369 0.0085 0.0031 
           1 0.0058 0.0630 0.5066 0.1421 0.2518 0.0230 0.0047 0.0030 
           1 0.1865 0.0581 0.5456 0.0123 0.1434 0.0487 0.0043 0.0011 
           1 0.0203 0.0399 0.4873 0.0059 0.2353 0.1947 0.0050 0.0117 
           1 0.0087 0.0724 0.6879 0.0126 0.1955 0.0123 0.0029 0.0078 
           1 0.0039 0.0052 0.0999 0.6297 0.0381 0.0807 0.0118 0.1307 
           1 0.0025 0.0027 0.0192 0.9357 0.0067 0.0025 0.0033 0.0273 
           1 0.0084 0.0126 0.1099 0.1291 0.0047 0.4619 0.0142 0.2592 
           1 0.0045 0.2374 0.1891 0.0127 0.5313 0.0075 0.0123 0.0052 
           1 0.1131 0.6433 0.1063 0.0168 0.0754 0.0041 0.0101 0.0310 
           1 0.0072 0.6896 0.0185 0.0152 0.1976 0.0468 0.0172 0.0078 
           1 0.0209 0.3864 0.0071 0.0095 0.5603 0.0023 0.0090 0.0045 
           1 0.0967 0.7208 0.0218 0.0524 0.0526 0.0069 0.0426 0.0062 
           1 0.0094 0.7797 0.0846 0.0052 0.0829 0.0085 0.0250 0.0046 
           1 0.0458 0.4320 0.0149 0.0101 0.3709 0.1018 0.0218 0.0025 
           1 0.1418 0.7819 0.0087 0.0063 0.0114 0.0027 0.0450 0.0022 
           1 0.0223 0.5868 0.0031 0.0339 0.2706 0.0060 0.0744 0.0029 
           1 0.0065 0.2826 0.1344 0.0052 0.5388 0.0036 0.0036 0.0253 
           1 0.0048 0.3408 0.0116 0.0049 0.5507 0.0021 0.0386 0.0466 
           1 0.1609 0.2384 0.0027 0.0040 0.5883 0.0017 0.0023 0.0018 
           1 0.0073 0.8358 0.0260 0.0031 0.0862 0.0170 0.0232 0.0014 
           1 0.2359 0.6858 0.0401 0.0026 0.0152 0.0091 0.0106 0.0008 
           1 0.0053 0.0290 0.4511 0.0040 0.0479 0.2992 0.1616 0.0020 
           1 0.0082 0.0118 0.8318 0.0411 0.0075 0.0182 0.0563 0.0250 
           1 0.0066 0.0116 0.4915 0.1452 0.0029 0.0043 0.3298 0.0080 
           1 0.0160 0.0032 0.9359 0.0061 0.0021 0.0132 0.0207 0.0029 
           1 0.0037 0.0177 0.7575 0.0181 0.0099 0.0133 0.1286 0.0513 
           1 0.0053 0.0103 0.4646 0.0058 0.0109 0.1855 0.3115 0.0061 
           1 0.0226 0.0036 0.7952 0.0556 0.0067 0.0069 0.0812 0.0281 
           1 0.0073 0.0080 0.6547 0.0591 0.0131 0.0181 0.2337 0.0059 
           1 0.1091 0.0117 0.8229 0.0047 0.0020 0.0153 0.0257 0.0087 
           1 0.0044 0.0052 0.5339 0.0066 0.0071 0.2359 0.0640 0.1428 
           1 0.0057 0.0288 0.5860 0.0424 0.0730 0.0047 0.2444 0.0151 
           1 0.0274 0.0047 0.4171 0.1044 0.0030 0.1283 0.3034 0.0116 
           1 0.0065 0.0046 0.5136 0.0148 0.0172 0.0069 0.3765 0.0599 
           1 0.0141 0.0068 0.6387 0.0165 0.0056 0.0259 0.2890 0.0034 
           1 0.0707 0.0050 0.4236 0.0092 0.0058 0.0120 0.4690 0.0046 
           1 0.0063 0.0299 0.0484 0.1988 0.0433 0.0147 0.6539 0.0046 
           1 0.1098 0.0574 0.0218 0.1092 0.0090 0.0296 0.6020 0.0613 
           1 0.0064 0.0075 0.0812 0.0547 0.0107 0.1735 0.4922 0.1738 
           1 0.0327 0.0091 0.0556 0.1455 0.0251 0.0024 0.7237 0.0060 
           1 0.0064 0.0033 0.0044 0.0024 0.0097 0.0063 0.9632 0.0042 
           1 0.0053 0.0216 0.0102 0.3040 0.0396 0.0065 0.6070 0.0059 
           1 0.0200 0.0253 0.0132 0.0063 0.0174 0.0089 0.9048 0.0040 
           1 0.0329 0.0086 0.0249 0.0155 0.0066 0.0151 0.8449 0.0514 
           1 0.0050 0.0136 0.0220 0.0034 0.0241 0.0065 0.9053 0.0202 
           1 0.1679 0.0052 0.0423 0.0116 0.0094 0.0059 0.7519 0.0060 
           1 0.0071 0.0100 0.0048 0.0040 0.8198 0.1446 0.0035 0.0061 
           1 0.0060 0.0087 0.0089 0.0253 0.9282 0.0074 0.0040 0.0116 
           1 0.0117 0.0039 0.0070 0.0084 0.9527 0.0025 0.0062 0.0075 
           1 0.0100 0.0027 0.0217 0.0128 0.7768 0.0027 0.0071 0.1662 
           1 0.0029 0.0136 0.0143 0.0021 0.9119 0.0475 0.0052 0.0024 
           1 0.0245 0.0208 0.0118 0.2275 0.1887 0.0201 0.0870 0.4196 
           1 0.0033 0.0302 0.0132 0.0451 0.8823 0.0163 0.0040 0.0055 
           1 0.0029 0.0149 0.0273 0.0028 0.9332 0.0028 0.0086 0.0074 
           1 0.0466 0.0042 0.0050 0.0047 0.9177 0.0088 0.0048 0.0082 
           1 0.0865 0.0044 0.0125 0.0047 0.7589 0.0090 0.0324 0.0916 
           1 0.0074 0.0049 0.0124 0.0172 0.8886 0.0381 0.0168 0.0146 
           1 0.0243 0.0049 0.0029 0.0384 0.8702 0.0091 0.0081 0.0420 
           1 0.0041 0.2454 0.0028 0.0036 0.5739 0.1634 0.0024 0.0043 
           1 0.1717 0.0035 0.0068 0.0026 0.8075 0.0031 0.0032 0.0015 
           1 0.0035 0.3037 0.0024 0.0036 0.4258 0.2199 0.0040 0.0369 
           1 0.0027 0.1569 0.0071 0.0035 0.5522 0.2509 0.0097 0.0170 
           1 0.0096 0.0168 0.2297 0.0513 0.0469 0.3744 0.1512 0.1200 
           1 0.2399 0.2379 0.0022 0.0114 0.5017 0.0019 0.0022 0.0028 
           1 0.0068 0.0038 0.0096 0.0037 0.8600 0.1072 0.0058 0.0031 
           1 0.0029 0.0030 0.0355 0.0117 0.8585 0.0050 0.0073 0.0762 
           1 0.0077 0.0190 0.2040 0.3231 0.0029 0.3663 0.0045 0.0724 
           1 0.0144 0.0038 0.2213 0.0821 0.0025 0.5183 0.0118 0.1457 
           1 0.0051 0.0065 0.2943 0.0587 0.0040 0.5546 0.0045 0.0722 
           1 0.0069 0.0124 0.0067 0.2415 0.0027 0.6359 0.0078 0.0862 
           1 0.0039 0.0036 0.0330 0.0234 0.0149 0.9001 0.0152 0.0059 
           1 0.0239 0.0142 0.0062 0.2210 0.0066 0.7076 0.0178 0.0027 
           1 0.0034 0.0237 0.2677 0.0931 0.0020 0.5033 0.0071 0.0997 
           1 0.0079 0.0024 0.2944 0.0377 0.0072 0.5377 0.0060 0.1066 
           1 0.0314 0.0210 0.0971 0.1765 0.0058 0.5516 0.0113 0.1053 
           1 0.0042 0.5931 0.2239 0.0057 0.0028 0.0135 0.1281 0.0287 
           1 0.1239 0.5584 0.0307 0.0156 0.0036 0.0035 0.2270 0.0372 
           1 0.1337 0.7338 0.0111 0.0102 0.0620 0.0055 0.0365 0.0071 
           1 0.1233 0.5253 0.0337 0.0112 0.0076 0.0222 0.0224 0.2544 
           1 0.0164 0.8355 0.0469 0.0465 0.0025 0.0035 0.0472 0.0015 
           1 0.0633 0.7902 0.0089 0.0098 0.0028 0.1155 0.0036 0.0060 
           1 0.1058 0.5870 0.0092 0.0080 0.0017 0.0078 0.2791 0.0014 
           1 0.0095 0.8050 0.1338 0.0032 0.0379 0.0053 0.0026 0.0026 
           1 0.2047 0.6193 0.0254 0.0054 0.1058 0.0305 0.0050 0.0038 
           1 0.0077 0.6093 0.0269 0.0037 0.0048 0.2260 0.1199 0.0017 
           1 0.0138 0.0152 0.1312 0.0291 0.0091 0.0078 0.7884 0.0054 
           1 0.0085 0.0309 0.1877 0.0331 0.0105 0.0425 0.6859 0.0009 
           1 0.0048 0.0242 0.0703 0.0560 0.0258 0.0101 0.8014 0.0072 
           1 0.0077 0.0069 0.0133 0.0172 0.0049 0.1285 0.8199 0.0015 
           1 0.0070 0.0025 0.0151 0.0071 0.0172 0.0129 0.9324 0.0058 
           1 0.0023 0.0165 0.1306 0.0067 0.0034 0.0128 0.8266 0.0011 
           1 0.1346 0.0062 0.0642 0.0059 0.0093 0.0030 0.7735 0.0033 
           1 0.0034 0.0084 0.1113 0.0101 0.0066 0.2509 0.6071 0.0022 
           1 0.0125 0.0131 0.0065 0.0190 0.0090 0.0123 0.8918 0.0357 
           1 0.0345 0.0068 0.0156 0.0211 0.0075 0.0353 0.7317 0.1474 
           1 0.0091 0.0874 0.0731 0.0226 0.0291 0.0087 0.7148 0.0553 
           1 0.1211 0.0341 0.0164 0.0031 0.0380 0.0272 0.7576 0.0025 
           1 0.0813 0.0078 0.0325 0.0051 0.0083 0.0093 0.8400 0.0157 
           1 0.0026 0.0129 0.0276 0.1212 0.0167 0.2256 0.5875 0.0059 
           1 0.1880 0.0027 0.0123 0.0065 0.0210 0.0124 0.7541 0.0031 
           1 0.0263 0.0080 0.0101 0.0118 0.0200 0.2303 0.6903 0.0031 
           1 0.2393 0.0333 0.0157 0.0379 0.0035 0.0104 0.5699 0.0898 
           1 0.0043 0.0940 0.0569 0.0480 0.0213 0.0094 0.6519 0.1143 
           1 0.0069 0.1293 0.0056 0.0076 0.0141 0.3277 0.5052 0.0036 
           1 0.2773 0.0706 0.0105 0.0183 0.0076 0.0107 0.5948 0.0101 
           1 0.0405 0.0374 0.0642 0.0344 0.0055 0.0310 0.7735 0.0133 
           1 0.0429 0.0980 0.0312 0.0319 0.0220 0.0117 0.7385 0.0238 
           1 0.0544 0.1001 0.0071 0.0116 0.0072 0.1842 0.4382 0.1971 
           1 0.0042 0.0858 0.0052 0.0088 0.0608 0.3564 0.4686 0.0103 
           1 0.0306 0.4481 0.0104 0.0037 0.1294 0.0078 0.0137 0.3564 
           1 0.1802 0.6278 0.0283 0.0369 0.0948 0.0023 0.0034 0.0264 
           1 0.0055 0.6284 0.0043 0.0150 0.2157 0.0102 0.0090 0.1118 
           1 0.0037 0.6106 0.0048 0.0031 0.1410 0.2206 0.0068 0.0094 
           1 0.1952 0.1931 0.0021 0.0063 0.5935 0.0029 0.0026 0.0042 
           1 0.0064 0.7042 0.0068 0.0047 0.0030 0.2588 0.0029 0.0132 
           1 0.0018 0.5668 0.0026 0.0019 0.1612 0.2565 0.0043 0.0050 
           1 0.1945 0.2281 0.0074 0.0037 0.4289 0.0035 0.0064 0.1275 
           1 0.0144 0.3329 0.0101 0.0572 0.5140 0.0064 0.0074 0.0575 
           1 0.0110 0.6984 0.0102 0.0187 0.0293 0.0073 0.0791 0.1461 
           1 0.2167 0.5748 0.0059 0.0072 0.0117 0.0057 0.0044 0.1735 
           1 0.0057 0.5663 0.0073 0.0091 0.0083 0.0179 0.0090 0.3765 
           1 0.0131 0.5466 0.0127 0.0192 0.0086 0.0061 0.0093 0.3844 
           1 0.1279 0.6675 0.0084 0.0232 0.1294 0.0052 0.0161 0.0224 
           1 0.0044 0.8571 0.0091 0.0071 0.0788 0.0063 0.0075 0.0297 
           1 0.0019 0.7413 0.0057 0.0027 0.0030 0.2384 0.0027 0.0043 
           1 0.1831 0.6897 0.0181 0.0175 0.0490 0.0047 0.0265 0.0114 
           1 0.0073 0.7097 0.0869 0.0415 0.1353 0.0074 0.0078 0.0040 
           1 0.0031 0.5793 0.0128 0.0471 0.2263 0.0045 0.0066 0.1203 
           1 0.0046 0.7262 0.0567 0.0187 0.0027 0.1258 0.0039 0.0613 
           1 0.0067 0.7567 0.0334 0.0140 0.0261 0.0097 0.0068 0.1466 
           1 0.2075 0.5655 0.0020 0.0112 0.2038 0.0023 0.0030 0.0048 
           1 0.0110 0.4920 0.0224 0.0036 0.4380 0.0167 0.0147 0.0016 
           1 0.1046 0.6064 0.0161 0.0556 0.0102 0.0061 0.0173 0.1837 
           1 0.0034 0.6089 0.0034 0.0017 0.1690 0.2092 0.0024 0.0019 
           1 0.2627 0.2383 0.0018 0.0055 0.4797 0.0028 0.0045 0.0048 
           1 0.2071 0.5950 0.0062 0.0047 0.0487 0.0032 0.0041 0.1311 
           1 0.0092 0.6361 0.0125 0.0125 0.1766 0.0719 0.0713 0.0099 
           1 0.0165 0.6866 0.0565 0.0387 0.1077 0.0109 0.0086 0.0743 
           1 0.0034 0.0280 0.1394 0.0064 0.0676 0.2064 0.4993 0.0495 
           1 0.0388 0.0091 0.0926 0.0313 0.0258 0.0394 0.3982 0.3648 
           1 0.2240 0.0082 0.3092 0.0492 0.0164 0.0020 0.3870 0.0039 
           1 0.0126 0.0162 0.5034 0.0186 0.0068 0.0121 0.1565 0.2738 
           1 0.0041 0.0109 0.5420 0.0831 0.0071 0.3365 0.0072 0.0091 
           1 0.2129 0.0129 0.3591 0.0069 0.0108 0.0344 0.3533 0.0097 
           1 0.0030 0.0062 0.5684 0.2636 0.0453 0.0231 0.0422 0.0481 
           1 0.0393 0.0040 0.4484 0.0111 0.0138 0.0183 0.4210 0.0443 
           1 0.0990 0.0028 0.0106 0.0028 0.6620 0.0413 0.0080 0.1735 
           1 0.0046 0.0179 0.1840 0.0156 0.3585 0.2092 0.0078 0.2024 
           1 0.0132 0.0521 0.1657 0.1961 0.1630 0.0298 0.0233 0.3567 
           1 0.1502 0.5565 0.0040 0.0064 0.0435 0.0023 0.0074 0.2297 
           1 0.2339 0.6485 0.0087 0.0069 0.0379 0.0022 0.0028 0.0590 
           1 0.0031 0.6085 0.0231 0.0175 0.0076 0.0142 0.2864 0.0397 
           1 0.1390 0.5394 0.0069 0.0114 0.0024 0.0053 0.1904 0.1051 
           1 0.0046 0.5132 0.0834 0.0017 0.0036 0.3028 0.0859 0.0049 
           1 0.1125 0.4354 0.0300 0.0113 0.0052 0.0208 0.2205 0.1643 
           1 0.1760 0.4338 0.0033 0.0057 0.0086 0.0020 0.2726 0.0979 
           1 0.0042 0.3769 0.0056 0.0028 0.0043 0.0043 0.3376 0.2644 
           1 0.0038 0.4238 0.0095 0.0777 0.0019 0.0045 0.3629 0.1159 
           1 0.0043 0.1241 0.0068 0.0314 0.3656 0.0919 0.0065 0.3694 
           1 0.0075 0.0125 0.0050 0.1624 0.2574 0.0560 0.0089 0.4903 
           1 0.1140 0.0024 0.0043 0.0112 0.8635 0.0020 0.0016 0.0011 
           1 0.0038 0.0055 0.0690 0.0073 0.8981 0.0021 0.0053 0.0089 
           1 0.0027 0.0039 0.0022 0.0009 0.7886 0.1985 0.0020 0.0012 
           1 0.1572 0.0041 0.0036 0.0037 0.8074 0.0017 0.0040 0.0184 
           1 0.0037 0.0583 0.0131 0.0036 0.9076 0.0030 0.0069 0.0037 
           1 0.1350 0.0033 0.0014 0.0028 0.8506 0.0024 0.0018 0.0027 
           1 0.3057 0.0031 0.0504 0.2121 0.2876 0.0344 0.0872 0.0196 
           1 0.2544 0.1403 0.3065 0.0926 0.1297 0.0473 0.0155 0.0137 
           1 0.0148 0.1189 0.0105 0.2589 0.2439 0.0904 0.0147 0.2480 
           1 0.2365 0.0095 0.0139 0.4328 0.0627 0.0201 0.0069 0.2175 
           1 0.0170 0.0424 0.0227 0.2748 0.1644 0.2850 0.0211 0.1726 
           1 0.0093 0.0356 0.0554 0.2785 0.1358 0.0606 0.0147 0.4100 
           1 0.2243 0.0122 0.0146 0.4700 0.1308 0.0782 0.0045 0.0655 
           1 0.0059 0.0033 0.1219 0.5133 0.0737 0.0887 0.0786 0.1146 
           1 0.0034 0.0093 0.0028 0.3799 0.0911 0.3832 0.0094 0.1207 
           1 0.1948 0.0235 0.0094 0.4504 0.0839 0.0175 0.0039 0.2165 
           1 0.0169 0.0173 0.0294 0.5007 0.0433 0.0032 0.2400 0.1493 
           1 0.0092 0.0036 0.0025 0.6529 0.1158 0.0038 0.0521 0.1601 
           1 0.0106 0.0090 0.0078 0.3685 0.0081 0.1524 0.0057 0.4378 
           1 0.0091 0.0119 0.1500 0.2642 0.0277 0.0245 0.0209 0.4917 
           1 0.1531 0.0247 0.0115 0.3899 0.0139 0.0381 0.1544 0.2144 
           1 0.0025 0.1131 0.1480 0.4624 0.0132 0.0100 0.0063 0.2446 
           1 0.0040 0.5875 0.0897 0.0117 0.0064 0.2671 0.0273 0.0063 
           1 0.2282 0.6474 0.0062 0.0042 0.0994 0.0039 0.0056 0.0051 
           1 0.1725 0.7382 0.0130 0.0063 0.0079 0.0057 0.0280 0.0283 
           1 0.0067 0.7737 0.1757 0.0036 0.0072 0.0077 0.0105 0.0149 
           1 0.0091 0.7649 0.0496 0.0137 0.1310 0.0103 0.0165 0.0049 
           1 0.0057 0.7135 0.0261 0.0030 0.0406 0.2045 0.0031 0.0036 
           1 0.0167 0.7618 0.1002 0.0637 0.0081 0.0113 0.0156 0.0226 
           1 0.2375 0.3930 0.0084 0.0463 0.0451 0.0067 0.2622 0.0008 
           1 0.1875 0.5939 0.0110 0.0062 0.0807 0.0083 0.0111 0.1013 
           1 0.0226 0.8818 0.0370 0.0145 0.0063 0.0136 0.0187 0.0054 
           1 0.0103 0.5553 0.0061 0.0075 0.0232 0.3517 0.0451 0.0008 
           1 0.2800 0.6761 0.0108 0.0156 0.0084 0.0034 0.0033 0.0024 
           1 0.0589 0.3119 0.0954 0.0065 0.5017 0.0158 0.0076 0.0022 
           1 0.0110 0.6851 0.0052 0.0051 0.0086 0.0145 0.2682 0.0022 
           1 0.0570 0.7413 0.0021 0.0031 0.0263 0.1655 0.0027 0.0020 
           1 0.0652 0.5473 0.0049 0.0141 0.0208 0.0037 0.2561 0.0880 
           1 0.0058 0.8154 0.0177 0.0422 0.0559 0.0144 0.0244 0.0242 
           1 0.0027 0.6039 0.0089 0.0019 0.0167 0.2154 0.1391 0.0113 
           1 0.1451 0.4413 0.0243 0.0089 0.0088 0.0057 0.3576 0.0083 
           1 0.1408 0.4744 0.0066 0.0063 0.0036 0.0107 0.1590 0.1988 
           1 0.0044 0.5871 0.1365 0.0068 0.0407 0.0483 0.1709 0.0052 
           1 0.0044 0.9557 0.0104 0.0046 0.0028 0.0069 0.0092 0.0060 
           1 0.0412 0.5602 0.1193 0.0984 0.0153 0.0186 0.0767 0.0703 
           1 0.0032 0.6933 0.0044 0.0034 0.0036 0.2457 0.0031 0.0433 
           1 0.0107 0.6793 0.0235 0.0066 0.0323 0.0318 0.0789 0.1367 
           1 0.1759 0.6733 0.0056 0.0251 0.0058 0.0055 0.1072 0.0017 
           1 0.0113 0.8036 0.0065 0.0400 0.1040 0.0044 0.0227 0.0075 
           1 0.0084 0.6153 0.0106 0.0047 0.0127 0.2716 0.0623 0.0144 
           1 0.2179 0.7502 0.0037 0.0029 0.0037 0.0018 0.0048 0.0151 
           1 0.0303 0.7322 0.0249 0.0129 0.0068 0.0069 0.0733 0.1127 
           1 0.0090 0.8481 0.0052 0.0439 0.0118 0.0180 0.0299 0.0340 
           1 0.0058 0.5956 0.0027 0.0037 0.0040 0.2038 0.0818 0.1026 
           1 0.0309 0.7291 0.0031 0.0098 0.0138 0.0037 0.0198 0.1898 
           1 0.0657 0.5820 0.0122 0.0072 0.0064 0.0086 0.2970 0.0210 
           1 0.1301 0.7166 0.0165 0.0188 0.0053 0.0193 0.0353 0.0582 
           1 0.0852 0.7779 0.0074 0.0172 0.0780 0.0023 0.0240 0.0080 
           1 0.1194 0.6855 0.0100 0.0073 0.0031 0.0700 0.1025 0.0022 
           1 0.1121 0.5583 0.0139 0.0076 0.0025 0.0066 0.2967 0.0024 
           1 0.0479 0.8803 0.0069 0.0108 0.0022 0.0101 0.0376 0.0043 
           1 0.0065 0.5841 0.0353 0.0052 0.1061 0.0126 0.0191 0.2312 
           1 0.2160 0.7291 0.0030 0.0049 0.0053 0.0017 0.0301 0.0099 
           1 0.0720 0.7845 0.0117 0.0043 0.0047 0.0038 0.0059 0.1131 
           1 0.0360 0.8281 0.0422 0.0170 0.0452 0.0070 0.0087 0.0157 
           1 0.0034 0.6180 0.0586 0.0159 0.0143 0.0112 0.2090 0.0696 
           1 0.0050 0.5991 0.0441 0.0135 0.0186 0.0065 0.0287 0.2845 
           1 0.0027 0.0066 0.3694 0.4475 0.0960 0.0036 0.0060 0.0682 
           1 0.0054 0.0137 0.0314 0.5240 0.1444 0.0282 0.1348 0.1181 
           1 0.0182 0.0069 0.0669 0.0018 0.8517 0.0088 0.0089 0.0368 
           1 0.0332 0.0084 0.1856 0.0146 0.7424 0.0052 0.0057 0.0050 
           1 0.0045 0.6781 0.0099 0.0100 0.1795 0.0028 0.0100 0.1051 
           1 0.1687 0.4203 0.0084 0.0188 0.2232 0.0072 0.0112 0.1421 
           1 0.0120 0.0752 0.1082 0.0204 0.0193 0.1351 0.2193 0.4106 
           1 0.0094 0.0042 0.3680 0.0674 0.0205 0.0136 0.3493 0.1676 
           1 0.0069 0.0058 0.4975 0.0835 0.0041 0.0061 0.3791 0.0171 
           1 0.0032 0.0115 0.6774 0.0282 0.0042 0.0315 0.0188 0.2253 
           1 0.0029 0.0093 0.3683 0.0376 0.0165 0.0038 0.3773 0.1843 
           1 0.0327 0.0086 0.4449 0.0063 0.0069 0.1288 0.2891 0.0827 
           1 0.0046 0.0068 0.6936 0.0520 0.0159 0.0044 0.0160 0.2067 
           1 0.0500 0.1551 0.2678 0.0098 0.0098 0.0045 0.0216 0.4815 
           1 0.0045 0.0145 0.2059 0.0053 0.0530 0.1098 0.1539 0.4530 
           1 0.0723 0.0504 0.2011 0.0045 0.0027 0.0043 0.6599 0.0048 
           1 0.0050 0.0079 0.4999 0.0021 0.0329 0.0642 0.3842 0.0039 
           1 0.1094 0.0860 0.1708 0.0080 0.0080 0.0137 0.5907 0.0135 
           1 0.0048 0.0341 0.4976 0.0682 0.0213 0.0053 0.3333 0.0354 
           1 0.0059 0.0067 0.3758 0.0090 0.0013 0.0318 0.4317 0.1379 
           1 0.0494 0.0184 0.4205 0.0249 0.0090 0.2075 0.1561 0.1141 
           1 0.0165 0.0758 0.0861 0.1423 0.0405 0.0081 0.4170 0.2137 
           1 0.0053 0.0166 0.6324 0.0138 0.0020 0.0370 0.2338 0.0590 
           1 0.1367 0.0025 0.8347 0.0155 0.0015 0.0035 0.0041 0.0015 
           1 0.0086 0.0069 0.3503 0.0823 0.0078 0.0109 0.2684 0.2649 
           1 0.1970 0.0071 0.3188 0.0108 0.0268 0.0141 0.3160 0.1095 
           1 0.0638 0.0108 0.8632 0.0077 0.0039 0.0041 0.0420 0.0044 
           1 0.0124 0.0125 0.0279 0.0104 0.0125 0.1921 0.2067 0.5254 
           1 0.0429 0.0087 0.6239 0.1348 0.0044 0.0204 0.0352 0.1298 
           1 0.0050 0.0024 0.7810 0.0085 0.0021 0.0238 0.0088 0.1685 
           1 0.0052 0.0060 0.5344 0.0067 0.0025 0.0208 0.3065 0.1180 
           1 0.0041 0.0085 0.6258 0.0102 0.0074 0.3199 0.0161 0.0081 
           1 0.0496 0.0031 0.6672 0.0323 0.0196 0.0040 0.0299 0.1943 
           1 0.0040 0.0205 0.5278 0.0124 0.0229 0.0088 0.0509 0.3527 
           1 0.1072 0.1996 0.5145 0.0094 0.0087 0.0225 0.0520 0.0862 
           1 0.0043 0.0182 0.3689 0.0096 0.0043 0.1766 0.0113 0.4068 
           1 0.0059 0.0152 0.5543 0.1685 0.0114 0.0074 0.2094 0.0278 
           1 0.0121 0.0244 0.4653 0.0178 0.0383 0.1280 0.2934 0.0208 
           1 0.0122 0.0119 0.3877 0.1848 0.0073 0.0117 0.1853 0.1991 
           1 0.0077 0.0221 0.1725 0.1863 0.0102 0.0882 0.3932 0.1198 
           1 0.0041 0.0176 0.6398 0.0614 0.0041 0.0130 0.2436 0.0163 
           1 0.0654 0.0321 0.4649 0.0115 0.0036 0.0036 0.2252 0.1936 
           1 0.0065 0.0052 0.0317 0.2442 0.0076 0.0284 0.3180 0.3585 
           1 0.1376 0.0080 0.1616 0.0119 0.0134 0.0045 0.4695 0.1935 
           1 0.0548 0.0111 0.2575 0.0631 0.0073 0.0050 0.0329 0.5683 
           1 0.0210 0.0117 0.4859 0.1505 0.0067 0.0109 0.2432 0.0701 
           1 0.0049 0.0028 0.1104 0.1768 0.0572 0.2177 0.3987 0.0315 
           1 0.0147 0.0049 0.5222 0.0163 0.0243 0.0461 0.3625 0.0089 
           1 0.0818 0.0085 0.6330 0.1302 0.0043 0.0090 0.1321 0.0011 
           1 0.0065 0.0078 0.5759 0.0349 0.0159 0.0186 0.3376 0.0028 
           1 0.1434 0.0099 0.4177 0.0259 0.0017 0.0072 0.3198 0.0742 
           1 0.0029 0.0064 0.5107 0.0063 0.0356 0.1342 0.0450 0.2590 
           1 0.0321 0.0283 0.4473 0.2946 0.0562 0.0182 0.1152 0.0081 
           1 0.1089 0.0047 0.4193 0.0101 0.0045 0.0024 0.4461 0.0038 
           1 0.0079 0.0275 0.4013 0.0292 0.0183 0.0842 0.3476 0.0840 
           1 0.0228 0.4262 0.0072 0.0112 0.0202 0.0119 0.0480 0.4524 
           1 0.0723 0.1373 0.0331 0.0211 0.2051 0.0055 0.0149 0.5106 
           1 0.0492 0.5469 0.0177 0.0313 0.0052 0.0550 0.2642 0.0305 
           1 0.0179 0.1337 0.0090 0.0258 0.0093 0.0091 0.2756 0.5196 
           1 0.0056 0.2813 0.0633 0.0075 0.0058 0.0333 0.0886 0.5145 
           1 0.0200 0.2380 0.0126 0.0075 0.0075 0.0024 0.6111 0.1009 
           1 0.1843 0.7123 0.0046 0.0053 0.0092 0.0052 0.0729 0.0062 
           1 0.0107 0.2057 0.0065 0.0236 0.2029 0.0537 0.0854 0.4115 
           1 0.0147 0.6757 0.0431 0.0150 0.0027 0.0336 0.2021 0.0130 
           1 0.0156 0.3234 0.0085 0.0744 0.0032 0.0176 0.0069 0.5503 
           1 0.0047 0.0433 0.1537 0.0108 0.0300 0.0029 0.7169 0.0375 
           1 0.0027 0.0281 0.3345 0.0251 0.0119 0.0067 0.4983 0.0926 
           1 0.0069 0.2295 0.0583 0.0086 0.6460 0.0045 0.0038 0.0423 
           1 0.0543 0.6463 0.2566 0.0046 0.0279 0.0040 0.0044 0.0020 
           1 0.0068 0.7181 0.2164 0.0200 0.0153 0.0056 0.0132 0.0045 
           1 0.1710 0.7375 0.0301 0.0068 0.0340 0.0094 0.0042 0.0069 
           1 0.0059 0.6283 0.0093 0.0035 0.0505 0.1203 0.0039 0.1784 
           1 0.0994 0.0164 0.0056 0.0573 0.1061 0.7027 0.0084 0.0040 
           1 0.0260 0.0411 0.1731 0.0545 0.0334 0.0570 0.0417 0.5732 
           1 0.1566 0.0170 0.0292 0.1002 0.0053 0.6563 0.0176 0.0177 
           1 0.0170 0.0363 0.1923 0.2325 0.0612 0.4065 0.0483 0.0059 
           1 0.0709 0.1735 0.0030 0.0025 0.6648 0.0803 0.0032 0.0017 
           1 0.1299 0.0096 0.0055 0.0019 0.8427 0.0072 0.0019 0.0014 
           1 0.0060 0.4417 0.0436 0.0051 0.0131 0.0679 0.4135 0.0091 
           1 0.1483 0.5304 0.0123 0.0090 0.0021 0.0648 0.2140 0.0191 
           1 0.0053 0.0101 0.0100 0.0191 0.9346 0.0157 0.0036 0.0017 
           1 0.0084 0.0043 0.0144 0.0018 0.9388 0.0147 0.0151 0.0026 
           1 0.1153 0.0035 0.0013 0.0011 0.8732 0.0019 0.0022 0.0015 
           1 0.0248 0.1810 0.0047 0.0154 0.7026 0.0172 0.0376 0.0167 
           1 0.0053 0.5758 0.0111 0.0127 0.0020 0.0337 0.3569 0.0025 
           1 0.0106 0.0122 0.1365 0.3352 0.0593 0.0329 0.4016 0.0117 
           1 0.0108 0.0115 0.0314 0.3248 0.0218 0.0109 0.2441 0.3448 
           1 0.0178 0.0027 0.0070 0.3371 0.0063 0.0030 0.0911 0.5351 
           1 0.0170 0.0125 0.0786 0.3783 0.0030 0.0026 0.4191 0.0890 
           1 0.0029 0.0076 0.1315 0.3852 0.0022 0.0121 0.4472 0.0113 
           1 0.0672 0.1997 0.0784 0.2280 0.0057 0.0111 0.2234 0.1865 
           1 0.0077 0.0261 0.0154 0.0471 0.0878 0.0845 0.2501 0.4814 
           1 0.0120 0.0101 0.0054 0.3894 0.0404 0.0016 0.4046 0.1365 
           1 0.0094 0.0704 0.0128 0.1528 0.0154 0.0053 0.2314 0.5024 
           1 0.0086 0.0061 0.0174 0.0894 0.0340 0.0227 0.1164 0.7053 
           1 0.0557 0.0074 0.0211 0.4735 0.0055 0.0040 0.2922 0.1405 
           1 0.0038 0.0120 0.0061 0.4696 0.0027 0.0044 0.3544 0.1470 
           1 0.0072 0.0257 0.0905 0.3677 0.0658 0.0041 0.2219 0.2171 
           1 0.1048 0.0033 0.0033 0.2742 0.0126 0.0099 0.3685 0.2234 
           1 0.0077 0.0694 0.0383 0.4404 0.0723 0.0117 0.2456 0.1146 
           1 0.0649 0.0124 0.0109 0.3923 0.0428 0.0046 0.3667 0.1055 
           1 0.0116 0.0043 0.0188 0.4012 0.0068 0.0029 0.4856 0.0688 
           1 0.1288 0.0106 0.0086 0.3542 0.0045 0.0022 0.4076 0.0835 
           1 0.0033 0.0913 0.0111 0.5129 0.0074 0.0028 0.3403 0.0310 
           1 0.0056 0.0145 0.0031 0.0107 0.8391 0.0025 0.0053 0.1192 
           1 0.0024 0.0021 0.0027 0.0030 0.6728 0.0531 0.0033 0.2606 
           1 0.0378 0.0108 0.0188 0.0203 0.7997 0.0086 0.0049 0.0992 
           1 0.0070 0.1076 0.0093 0.0060 0.6319 0.0245 0.0035 0.2101 
           1 0.1503 0.0023 0.0020 0.0028 0.7911 0.0030 0.0017 0.0468 
           1 0.1230 0.0038 0.0023 0.0016 0.8284 0.0012 0.0025 0.0373 
           1 0.0606 0.1887 0.0038 0.0159 0.5687 0.0017 0.0065 0.1540 
           1 0.1374 0.0089 0.0049 0.0144 0.8045 0.0028 0.0241 0.0032 
           1 0.1785 0.0061 0.0039 0.0026 0.7912 0.0034 0.0019 0.0125 
           1 0.1273 0.0025 0.0017 0.0053 0.8557 0.0015 0.0031 0.0029 
