           1 0.7688 0.0045 0.0091 0.0044 0.0026 0.2086 0.0020 
           1 0.9701 0.0048 0.0016 0.0068 0.0043 0.0036 0.0087 
           1 0.9765 0.0035 0.0022 0.0078 0.0042 0.0026 0.0031 
           1 0.9046 0.0039 0.0059 0.0060 0.0361 0.0276 0.0160 
           1 0.8682 0.0236 0.0305 0.0205 0.0045 0.0282 0.0245 
           1 0.8151 0.0043 0.0824 0.0453 0.0323 0.0184 0.0024 
           1 0.7620 0.0018 0.0031 0.0264 0.0069 0.1974 0.0023 
           1 0.6706 0.0111 0.0112 0.2184 0.0806 0.0038 0.0044 
           1 0.9779 0.0023 0.0049 0.0057 0.0029 0.0012 0.0052 
           1 0.5072 0.0036 0.0202 0.2674 0.0052 0.1933 0.0031 
           1 0.8085 0.0102 0.0643 0.0725 0.0243 0.0067 0.0137 
           1 0.9200 0.0207 0.0098 0.0311 0.0104 0.0016 0.0063 
           1 0.7613 0.0028 0.0039 0.1561 0.0081 0.0633 0.0045 
           1 0.4169 0.0034 0.0136 0.0755 0.1397 0.2627 0.0882 
           1 0.8379 0.0072 0.0334 0.0426 0.0443 0.0023 0.0323 
           1 0.9688 0.0040 0.0018 0.0030 0.0196 0.0009 0.0020 
           1 0.8235 0.0063 0.0024 0.1425 0.0217 0.0016 0.0019 
           1 0.7975 0.0089 0.0033 0.1361 0.0401 0.0057 0.0083 
           1 0.9067 0.0143 0.0038 0.0204 0.0480 0.0020 0.0049 
           1 0.6307 0.0085 0.0162 0.1277 0.2100 0.0018 0.0050 
           1 0.7548 0.0041 0.0029 0.0352 0.0054 0.1950 0.0026 
           1 0.9098 0.0032 0.0091 0.0088 0.0458 0.0143 0.0090 
           1 0.8844 0.0090 0.0130 0.0054 0.0718 0.0064 0.0099 
           1 0.7881 0.0045 0.0030 0.0036 0.0020 0.1979 0.0009 
           1 0.8822 0.0022 0.0022 0.0707 0.0077 0.0268 0.0080 
           1 0.8688 0.0056 0.0073 0.0742 0.0259 0.0132 0.0051 
           1 0.8097 0.0690 0.0017 0.0030 0.0174 0.0961 0.0032 
           1 0.2638 0.0043 0.0053 0.7025 0.0048 0.0044 0.0150 
           1 0.4312 0.0154 0.0050 0.0356 0.0414 0.4273 0.0441 
           1 0.8320 0.0856 0.0153 0.0159 0.0428 0.0030 0.0053 
           1 0.9391 0.0068 0.0037 0.0029 0.0444 0.0010 0.0020 
           1 0.7421 0.0039 0.0043 0.0398 0.0283 0.1798 0.0018 
           1 0.8541 0.0020 0.0027 0.0019 0.1361 0.0015 0.0016 
           1 0.8501 0.0044 0.0049 0.0241 0.1089 0.0048 0.0026 
           1 0.9464 0.0045 0.0059 0.0212 0.0142 0.0023 0.0056 
           1 0.8913 0.0023 0.0034 0.0022 0.0928 0.0066 0.0015 
           1 0.7632 0.0025 0.0040 0.0180 0.0116 0.1962 0.0046 
           1 0.9391 0.0040 0.0033 0.0185 0.0265 0.0045 0.0041 
           1 0.9031 0.0052 0.0356 0.0112 0.0297 0.0026 0.0125 
           1 0.7170 0.0086 0.0055 0.0037 0.0041 0.2596 0.0014 
           1 0.8868 0.0021 0.0024 0.0035 0.0466 0.0473 0.0112 
           1 0.8936 0.0144 0.0039 0.0543 0.0037 0.0073 0.0229 
           1 0.4679 0.0921 0.0471 0.3516 0.0331 0.0062 0.0020 
           1 0.9786 0.0038 0.0015 0.0026 0.0042 0.0033 0.0059 
           1 0.7040 0.0026 0.0062 0.0927 0.0216 0.1574 0.0156 
           1 0.9001 0.0066 0.0094 0.0260 0.0195 0.0013 0.0371 
           1 0.9702 0.0026 0.0055 0.0034 0.0116 0.0020 0.0047 
           1 0.7477 0.0375 0.0088 0.0087 0.0122 0.1766 0.0084 
           1 0.8151 0.0294 0.0555 0.0209 0.0435 0.0023 0.0333 
           1 0.7802 0.0108 0.0287 0.1706 0.0044 0.0027 0.0026 
           1 0.9844 0.0044 0.0024 0.0014 0.0029 0.0017 0.0026 
           1 0.7066 0.0100 0.0061 0.0185 0.1556 0.0425 0.0607 
           1 0.7557 0.0015 0.0313 0.0206 0.0077 0.1795 0.0037 
           1 0.8481 0.0076 0.0047 0.0934 0.0109 0.0037 0.0316 
           1 0.9618 0.0106 0.0032 0.0018 0.0152 0.0012 0.0061 
           1 0.9566 0.0044 0.0027 0.0079 0.0169 0.0035 0.0079 
           1 0.8089 0.0211 0.0046 0.1487 0.0036 0.0053 0.0077 
           1 0.5532 0.0126 0.1405 0.1605 0.1130 0.0150 0.0053 
           1 0.1511 0.0032 0.0247 0.4593 0.2809 0.0648 0.0161 
           1 0.6812 0.0149 0.0063 0.0920 0.0072 0.1323 0.0661 
           1 0.7129 0.0064 0.0087 0.2594 0.0082 0.0022 0.0021 
           1 0.9558 0.0161 0.0069 0.0017 0.0110 0.0021 0.0065 
           1 0.6729 0.0028 0.0069 0.1659 0.0030 0.1466 0.0019 
           1 0.9647 0.0063 0.0061 0.0044 0.0136 0.0009 0.0039 
           1 0.9243 0.0058 0.0080 0.0455 0.0058 0.0077 0.0029 
           1 0.9773 0.0029 0.0012 0.0024 0.0048 0.0027 0.0088 
           1 0.7423 0.0079 0.0080 0.2096 0.0217 0.0023 0.0082 
           1 0.6471 0.0070 0.0026 0.1601 0.0020 0.1801 0.0012 
           1 0.6475 0.0032 0.0040 0.0765 0.0454 0.0034 0.2199 
           1 0.8606 0.0092 0.0115 0.1102 0.0029 0.0021 0.0034 
           1 0.6828 0.0045 0.0017 0.0359 0.0071 0.2644 0.0036 
           1 0.8788 0.0018 0.0057 0.0087 0.0886 0.0064 0.0100 
           1 0.8013 0.0047 0.0136 0.1383 0.0339 0.0028 0.0054 
           1 0.9356 0.0037 0.0013 0.0118 0.0274 0.0050 0.0152 
           1 0.8249 0.0065 0.0077 0.0303 0.0191 0.1031 0.0083 
           1 0.6845 0.0091 0.0051 0.1282 0.0039 0.1621 0.0071 
           1 0.6359 0.0146 0.0167 0.2012 0.0920 0.0070 0.0325 
           1 0.9617 0.0015 0.0182 0.0040 0.0066 0.0023 0.0058 
           1 0.6807 0.0109 0.0580 0.0253 0.0114 0.2061 0.0075 
           1 0.8694 0.0061 0.0111 0.0092 0.0896 0.0088 0.0060 
           1 0.8653 0.0081 0.0235 0.0561 0.0083 0.0114 0.0273 
           1 0.9276 0.0022 0.0038 0.0183 0.0331 0.0017 0.0133 
           1 0.9238 0.0047 0.0077 0.0028 0.0443 0.0071 0.0096 
           1 0.6500 0.0042 0.0053 0.1746 0.0064 0.1540 0.0054 
           1 0.5856 0.0075 0.0020 0.3526 0.0131 0.0341 0.0052 
           1 0.7844 0.0222 0.0108 0.1734 0.0022 0.0035 0.0035 
           1 0.7964 0.0038 0.0048 0.0122 0.0031 0.1760 0.0037 
           1 0.8776 0.0250 0.0025 0.0367 0.0158 0.0254 0.0171 
           1 0.8465 0.0118 0.0068 0.0914 0.0134 0.0183 0.0120 
           1 0.9011 0.0182 0.0056 0.0539 0.0060 0.0085 0.0066 
           1 0.5065 0.0049 0.0076 0.2412 0.0312 0.1981 0.0104 
           1 0.5781 0.0074 0.1084 0.1865 0.0472 0.0617 0.0106 
           1 0.5483 0.0130 0.0099 0.0174 0.2358 0.1626 0.0130 
           1 0.8148 0.0075 0.0068 0.0910 0.0361 0.0205 0.0234 
           1 0.5888 0.0047 0.0050 0.0820 0.2761 0.0284 0.0150 
           1 0.5542 0.0032 0.0048 0.0652 0.1565 0.1346 0.0815 
           1 0.8134 0.0116 0.0238 0.0071 0.0761 0.0618 0.0062 
           1 0.6921 0.0029 0.0175 0.0054 0.0326 0.2320 0.0175 
           1 0.4622 0.0753 0.1153 0.0082 0.3002 0.0244 0.0144 
           1 0.7381 0.0062 0.0125 0.1869 0.0067 0.0362 0.0134 
           1 0.2813 0.0363 0.1720 0.1259 0.1421 0.1445 0.0979 
           1 0.1555 0.1814 0.3355 0.0604 0.2468 0.0151 0.0052 
           1 0.1888 0.1590 0.1527 0.0220 0.4725 0.0035 0.0014 
           1 0.1325 0.0481 0.2343 0.0091 0.5387 0.0243 0.0130 
           1 0.0936 0.0722 0.2613 0.0282 0.5413 0.0010 0.0024 
           1 0.1674 0.0545 0.1512 0.0017 0.4477 0.1760 0.0016 
           1 0.2454 0.0693 0.2468 0.0040 0.4220 0.0051 0.0075 
           1 0.1614 0.0786 0.2131 0.0061 0.5361 0.0022 0.0025 
           1 0.3463 0.0147 0.0689 0.3546 0.1865 0.0033 0.0257 
           1 0.0551 0.0037 0.0503 0.4802 0.4003 0.0053 0.0051 
           1 0.6119 0.0367 0.0108 0.2914 0.0401 0.0038 0.0052 
           1 0.0075 0.2378 0.5545 0.0092 0.1367 0.0043 0.0501 
           1 0.0079 0.7020 0.0786 0.0107 0.0882 0.1084 0.0042 
           1 0.0172 0.7277 0.2043 0.0037 0.0354 0.0073 0.0044 
           1 0.0055 0.3927 0.5735 0.0068 0.0048 0.0123 0.0044 
           1 0.0177 0.7640 0.0444 0.0047 0.0068 0.1057 0.0567 
           1 0.0091 0.8021 0.0656 0.0054 0.1045 0.0031 0.0102 
           1 0.0594 0.4618 0.3872 0.0063 0.0171 0.0365 0.0316 
           1 0.0084 0.8035 0.0086 0.0014 0.0214 0.1281 0.0286 
           1 0.0168 0.6254 0.2848 0.0088 0.0166 0.0137 0.0339 
           1 0.0159 0.3103 0.5609 0.0239 0.0818 0.0045 0.0027 
           1 0.0040 0.3503 0.5705 0.0174 0.0158 0.0027 0.0393 
           1 0.0035 0.2193 0.6089 0.0023 0.0019 0.1627 0.0015 
           1 0.0151 0.8728 0.0808 0.0022 0.0117 0.0027 0.0146 
           1 0.0115 0.7314 0.0140 0.0015 0.0241 0.2095 0.0080 
           1 0.2973 0.0371 0.0229 0.0021 0.5898 0.0025 0.0483 
           1 0.0329 0.0166 0.0096 0.0194 0.8943 0.0041 0.0231 
           1 0.0675 0.0102 0.0034 0.0508 0.5903 0.0030 0.2747 
           1 0.0162 0.0028 0.0012 0.0060 0.9611 0.0081 0.0046 
           1 0.0429 0.0133 0.0114 0.0240 0.8925 0.0017 0.0143 
           1 0.1962 0.0075 0.0063 0.0054 0.5260 0.0014 0.2572 
           1 0.0197 0.0119 0.0042 0.0236 0.9284 0.0051 0.0071 
           1 0.0820 0.0046 0.0125 0.0128 0.8172 0.0042 0.0667 
           1 0.0137 0.0056 0.0018 0.0026 0.8873 0.0868 0.0021 
           1 0.2559 0.0194 0.0102 0.1080 0.5926 0.0014 0.0126 
           1 0.0136 0.0274 0.0559 0.0187 0.8700 0.0031 0.0114 
           1 0.2484 0.0051 0.0091 0.0090 0.5440 0.0265 0.1579 
           1 0.0232 0.0122 0.0312 0.0221 0.7279 0.0042 0.1791 
           1 0.0562 0.0078 0.0045 0.0033 0.8543 0.0085 0.0654 
           1 0.0166 0.0040 0.0023 0.0070 0.5876 0.0520 0.3304 
           1 0.0410 0.0207 0.0311 0.0162 0.2681 0.0078 0.6150 
           1 0.0305 0.0199 0.0121 0.1554 0.0606 0.0948 0.6266 
           1 0.1747 0.0076 0.0111 0.2285 0.2380 0.0030 0.3370 
           1 0.0120 0.0075 0.0338 0.0801 0.1122 0.0299 0.7245 
           1 0.0034 0.0026 0.0071 0.0024 0.0038 0.0030 0.9777 
           1 0.0777 0.0373 0.0368 0.0261 0.1663 0.0072 0.6486 
           1 0.0074 0.0143 0.0056 0.0149 0.0062 0.0096 0.9420 
           1 0.0181 0.0068 0.0074 0.0389 0.0134 0.0177 0.8977 
           1 0.0043 0.0056 0.0125 0.0058 0.0129 0.0016 0.9573 
           1 0.0068 0.0047 0.0051 0.0033 0.0414 0.1478 0.7909 
           1 0.0808 0.0177 0.8713 0.0039 0.0141 0.0083 0.0038 
           1 0.0107 0.0067 0.9554 0.0142 0.0057 0.0032 0.0039 
           1 0.0033 0.0032 0.9798 0.0044 0.0032 0.0039 0.0023 
           1 0.0075 0.0027 0.7974 0.1819 0.0051 0.0031 0.0023 
           1 0.0241 0.0049 0.9436 0.0027 0.0117 0.0027 0.0103 
           1 0.0966 0.0256 0.2323 0.5449 0.0170 0.0114 0.0721 
           1 0.0429 0.0230 0.9093 0.0094 0.0122 0.0017 0.0014 
           1 0.0057 0.0080 0.9625 0.0037 0.0149 0.0014 0.0039 
           1 0.0063 0.0016 0.9441 0.0069 0.0031 0.0341 0.0039 
           1 0.0308 0.0069 0.8250 0.0048 0.0286 0.0696 0.0344 
           1 0.0383 0.0053 0.9260 0.0052 0.0191 0.0020 0.0040 
           1 0.0038 0.0040 0.8960 0.0681 0.0037 0.0192 0.0051 
           1 0.0498 0.3323 0.6003 0.0053 0.0043 0.0035 0.0046 
           1 0.0033 0.0029 0.8229 0.0017 0.0025 0.1652 0.0014 
           1 0.1466 0.3926 0.4422 0.0073 0.0046 0.0026 0.0042 
           1 0.1940 0.2052 0.5746 0.0038 0.0189 0.0014 0.0021 
           1 0.3847 0.0573 0.0353 0.1055 0.3792 0.0037 0.0343 
           1 0.0059 0.2333 0.5085 0.0104 0.0026 0.2386 0.0007 
           1 0.0555 0.0103 0.9109 0.0048 0.0056 0.0065 0.0064 
           1 0.0137 0.0048 0.9032 0.0597 0.0136 0.0025 0.0024 
           1 0.5721 0.0385 0.0030 0.1970 0.1796 0.0045 0.0052 
           1 0.7174 0.0042 0.0039 0.1774 0.0863 0.0040 0.0069 
           1 0.6809 0.0211 0.0029 0.1137 0.1767 0.0031 0.0016 
           1 0.7648 0.0211 0.0048 0.1812 0.0134 0.0067 0.0079 
           1 0.9571 0.0070 0.0131 0.0035 0.0094 0.0020 0.0080 
           1 0.8694 0.0558 0.0030 0.0275 0.0107 0.0128 0.0208 
           1 0.6516 0.0617 0.0026 0.2272 0.0508 0.0036 0.0025 
           1 0.6564 0.0030 0.0056 0.0532 0.2750 0.0044 0.0024 
           1 0.7621 0.0159 0.0128 0.1450 0.0370 0.0121 0.0151 
           1 0.0261 0.6346 0.0036 0.0135 0.1310 0.0029 0.1882 
           1 0.0071 0.5851 0.0032 0.0148 0.0066 0.1169 0.2661 
           1 0.0087 0.7516 0.0869 0.0055 0.0104 0.1165 0.0204 
           1 0.0163 0.5653 0.0059 0.2838 0.0186 0.1022 0.0080 
           1 0.0129 0.8720 0.0061 0.0212 0.0373 0.0097 0.0408 
           1 0.0629 0.8348 0.0040 0.0215 0.0229 0.0516 0.0023 
           1 0.0072 0.5918 0.0014 0.0018 0.0142 0.0966 0.2871 
           1 0.0093 0.8466 0.0820 0.0019 0.0536 0.0036 0.0030 
           1 0.0277 0.6546 0.1228 0.0020 0.0057 0.1845 0.0027 
           1 0.1283 0.6257 0.0048 0.0017 0.0436 0.0024 0.1936 
           1 0.0165 0.0058 0.0060 0.0140 0.1776 0.0047 0.7755 
           1 0.0531 0.0320 0.0044 0.0027 0.2837 0.0048 0.6192 
           1 0.0122 0.0130 0.0147 0.0697 0.0982 0.0024 0.7898 
           1 0.1516 0.0031 0.0038 0.0043 0.0573 0.0024 0.7776 
           1 0.0226 0.0035 0.0073 0.0116 0.0138 0.0021 0.9391 
           1 0.0182 0.0158 0.0031 0.0032 0.1153 0.0023 0.8421 
           1 0.0059 0.0049 0.0036 0.0023 0.2107 0.1197 0.6529 
           1 0.2399 0.0131 0.0105 0.0049 0.1374 0.0018 0.5924 
           1 0.0114 0.0101 0.0072 0.1026 0.0445 0.0047 0.8194 
           1 0.0284 0.0044 0.0116 0.1549 0.0260 0.0052 0.7695 
           1 0.0158 0.0600 0.0225 0.0682 0.1766 0.0041 0.6527 
           1 0.0108 0.0294 0.0273 0.0078 0.0176 0.1019 0.8050 
           1 0.0101 0.0043 0.0041 0.0133 0.1975 0.0447 0.7260 
           1 0.2841 0.0130 0.0183 0.0251 0.1680 0.0020 0.4896 
           1 0.0180 0.0024 0.0151 0.0035 0.0140 0.1613 0.7858 
           1 0.1897 0.0106 0.0568 0.0070 0.0136 0.0189 0.7034 
           1 0.0430 0.0098 0.0029 0.1633 0.0438 0.2116 0.5256 
           1 0.0107 0.0117 0.0127 0.1914 0.1503 0.0017 0.6215 
           1 0.3032 0.1681 0.0171 0.0079 0.0361 0.0070 0.4607 
           1 0.0159 0.0322 0.0037 0.0184 0.0178 0.2673 0.6448 
           1 0.0362 0.0164 0.0038 0.0630 0.1655 0.0304 0.6848 
           1 0.0310 0.0735 0.0176 0.1252 0.0207 0.0321 0.6998 
           1 0.1506 0.1535 0.0093 0.2703 0.0120 0.0397 0.3646 
           1 0.3264 0.1394 0.0531 0.0148 0.0216 0.0024 0.4424 
           1 0.0071 0.4854 0.1736 0.3005 0.0035 0.0100 0.0200 
           1 0.0089 0.6487 0.1040 0.0584 0.0049 0.1732 0.0018 
           1 0.0115 0.6668 0.2165 0.0774 0.0113 0.0028 0.0136 
           1 0.1157 0.7133 0.1527 0.0030 0.0074 0.0017 0.0062 
           1 0.0051 0.1908 0.6115 0.0019 0.0031 0.1862 0.0013 
           1 0.1800 0.8022 0.0033 0.0065 0.0042 0.0019 0.0018 
           1 0.1699 0.6603 0.1607 0.0031 0.0017 0.0018 0.0026 
           1 0.0055 0.2246 0.4545 0.1255 0.0039 0.1806 0.0053 
           1 0.0159 0.3179 0.5191 0.1206 0.0109 0.0123 0.0033 
           1 0.0168 0.7435 0.0300 0.1398 0.0059 0.0055 0.0584 
           1 0.0077 0.6423 0.0174 0.1202 0.0047 0.2059 0.0018 
           1 0.0055 0.6440 0.0045 0.3330 0.0047 0.0032 0.0051 
           1 0.0054 0.5881 0.0099 0.3801 0.0041 0.0085 0.0039 
           1 0.0102 0.6811 0.1245 0.0491 0.0068 0.1232 0.0051 
           1 0.0063 0.8739 0.0851 0.0245 0.0024 0.0023 0.0054 
           1 0.1525 0.8353 0.0033 0.0027 0.0030 0.0011 0.0022 
           1 0.0082 0.7176 0.0515 0.0215 0.0164 0.1764 0.0085 
           1 0.0174 0.7194 0.1476 0.0232 0.0837 0.0038 0.0049 
           1 0.0081 0.6065 0.2293 0.1448 0.0037 0.0037 0.0039 
           1 0.0829 0.7857 0.0024 0.0545 0.0708 0.0025 0.0013 
           1 0.0158 0.8261 0.0343 0.0863 0.0216 0.0048 0.0110 
           1 0.0065 0.5701 0.2113 0.0053 0.0018 0.2031 0.0019 
           1 0.0114 0.5106 0.4421 0.0021 0.0132 0.0108 0.0098 
           1 0.0189 0.6354 0.0094 0.2312 0.0059 0.0928 0.0065 
           1 0.1092 0.6949 0.1848 0.0010 0.0068 0.0018 0.0014 
           1 0.0033 0.2318 0.4957 0.0070 0.0026 0.2523 0.0073 
           1 0.0047 0.6397 0.0693 0.0737 0.0088 0.2024 0.0015 
           1 0.0901 0.6572 0.1784 0.0154 0.0356 0.0031 0.0202 
           1 0.0194 0.7055 0.0980 0.1471 0.0153 0.0120 0.0028 
           1 0.1603 0.0729 0.0697 0.0493 0.2951 0.0034 0.3493 
           1 0.1155 0.0260 0.0191 0.3742 0.1931 0.0172 0.2548 
           1 0.0043 0.0077 0.0158 0.0412 0.4773 0.2056 0.2481 
           1 0.0281 0.0161 0.0042 0.3274 0.5901 0.0026 0.0315 
           1 0.3543 0.0139 0.0048 0.0689 0.5473 0.0017 0.0091 
           1 0.0373 0.0040 0.0050 0.1147 0.5042 0.1920 0.1429 
           1 0.0790 0.0046 0.0417 0.1873 0.6740 0.0028 0.0107 
           1 0.0145 0.0102 0.0136 0.0102 0.6849 0.0262 0.2404 
           1 0.0174 0.0093 0.7479 0.1048 0.0103 0.1040 0.0063 
           1 0.2208 0.0604 0.3630 0.2249 0.1193 0.0031 0.0085 
           1 0.0911 0.0412 0.1747 0.4428 0.2032 0.0059 0.0411 
           1 0.0026 0.5949 0.0371 0.2195 0.0066 0.1355 0.0038 
           1 0.0030 0.6829 0.0269 0.0366 0.0026 0.2317 0.0163 
           1 0.0082 0.6321 0.0033 0.0623 0.0549 0.0018 0.2373 
           1 0.0082 0.5739 0.0036 0.1096 0.0045 0.1381 0.1622 
           1 0.2758 0.5710 0.0045 0.0042 0.1357 0.0011 0.0077 
           1 0.0146 0.4578 0.0055 0.1263 0.0201 0.1155 0.2602 
           1 0.0052 0.4524 0.0077 0.0863 0.0083 0.1606 0.2794 
           1 0.0123 0.4277 0.0046 0.2251 0.0114 0.0038 0.3152 
           1 0.0196 0.4383 0.0025 0.2398 0.0245 0.0042 0.2711 
           1 0.0232 0.1820 0.3862 0.3927 0.0051 0.0033 0.0075 
           1 0.0990 0.0082 0.2927 0.5892 0.0055 0.0030 0.0024 
           1 0.0026 0.0012 0.8814 0.0023 0.0020 0.1095 0.0009 
           1 0.0037 0.0095 0.9285 0.0266 0.0233 0.0028 0.0057 
           1 0.1523 0.0044 0.8367 0.0007 0.0022 0.0014 0.0023 
           1 0.0030 0.0026 0.8264 0.0136 0.0047 0.1470 0.0026 
           1 0.0030 0.0480 0.9376 0.0019 0.0022 0.0016 0.0056 
           1 0.0039 0.0020 0.8662 0.0016 0.0012 0.1238 0.0014 
           1 0.1814 0.0152 0.3062 0.0713 0.1375 0.2715 0.0169 
           1 0.1636 0.1374 0.1457 0.0412 0.2484 0.2467 0.0170 
           1 0.2210 0.0891 0.2767 0.3880 0.0122 0.0034 0.0097 
           1 0.2579 0.0212 0.0816 0.3731 0.0081 0.2518 0.0063 
           1 0.3656 0.0828 0.1954 0.3026 0.0234 0.0164 0.0137 
           1 0.1968 0.0178 0.1813 0.5539 0.0246 0.0086 0.0171 
           1 0.3213 0.0238 0.1548 0.2326 0.0379 0.2261 0.0035 
           1 0.3268 0.0051 0.0794 0.2755 0.3084 0.0023 0.0026 
           1 0.5218 0.0238 0.1089 0.3303 0.0048 0.0030 0.0074 
           1 0.2168 0.0399 0.0898 0.4284 0.0043 0.2139 0.0070 
           1 0.0380 0.0130 0.0923 0.3343 0.3035 0.0230 0.1960 
           1 0.0954 0.0025 0.1559 0.4498 0.0083 0.0901 0.1979 
           1 0.2478 0.0122 0.0119 0.6944 0.0159 0.0112 0.0066 
           1 0.0752 0.0138 0.0170 0.7795 0.0869 0.0061 0.0214 
           1 0.1814 0.0086 0.0280 0.4016 0.0061 0.1587 0.2156 
           1 0.2848 0.1552 0.0181 0.4779 0.0537 0.0036 0.0068 
           1 0.2176 0.6765 0.0088 0.0131 0.0679 0.0009 0.0151 
           1 0.0047 0.6656 0.1003 0.0040 0.0022 0.2213 0.0018 
           1 0.0066 0.7711 0.0079 0.0201 0.0123 0.1640 0.0181 
           1 0.0274 0.8250 0.0098 0.0150 0.1091 0.0076 0.0061 
           1 0.0135 0.8052 0.1332 0.0076 0.0143 0.0070 0.0193 
           1 0.1002 0.8197 0.0371 0.0015 0.0370 0.0017 0.0028 
           1 0.0140 0.7867 0.0032 0.0762 0.1013 0.0115 0.0071 
           1 0.0460 0.4221 0.0248 0.0039 0.0477 0.2326 0.2228 
           1 0.0070 0.6247 0.0731 0.1089 0.0115 0.1699 0.0048 
           1 0.0134 0.9342 0.0042 0.0022 0.0134 0.0159 0.0168 
           1 0.2881 0.6120 0.0258 0.0014 0.0077 0.0060 0.0590 
           1 0.0128 0.7064 0.0083 0.0029 0.0083 0.2583 0.0029 
           1 0.0252 0.3452 0.5227 0.0023 0.0640 0.0310 0.0097 
           1 0.0392 0.7149 0.0090 0.0022 0.0477 0.0082 0.1789 
           1 0.0603 0.8343 0.0350 0.0019 0.0060 0.0561 0.0063 
           1 0.0061 0.5589 0.0192 0.1506 0.0106 0.0581 0.1964 
           1 0.0267 0.8562 0.0490 0.0465 0.0111 0.0029 0.0076 
           1 0.0864 0.6933 0.0083 0.0023 0.0083 0.0021 0.1993 
           1 0.0074 0.4506 0.0253 0.0115 0.0166 0.1464 0.3423 
           1 0.0324 0.5244 0.0038 0.1404 0.0037 0.1315 0.1639 
           1 0.0441 0.6067 0.0270 0.0043 0.2226 0.0026 0.0927 
           1 0.0044 0.9722 0.0042 0.0086 0.0045 0.0031 0.0030 
           1 0.0406 0.6003 0.0115 0.0747 0.0769 0.0379 0.1581 
           1 0.1739 0.7715 0.0055 0.0421 0.0030 0.0024 0.0015 
           1 0.0521 0.7554 0.0170 0.0476 0.0083 0.0160 0.1036 
           1 0.0074 0.6798 0.0075 0.0085 0.0057 0.1541 0.1370 
           1 0.0097 0.8249 0.0988 0.0320 0.0038 0.0031 0.0276 
           1 0.1733 0.6864 0.0352 0.0096 0.0021 0.0036 0.0899 
           1 0.0040 0.7610 0.0023 0.0111 0.0026 0.2162 0.0027 
           1 0.0292 0.7969 0.0040 0.1119 0.0315 0.0077 0.0188 
           1 0.0198 0.9057 0.0211 0.0218 0.0147 0.0046 0.0123 
           1 0.0633 0.6806 0.0057 0.0364 0.0040 0.0036 0.2064 
           1 0.0070 0.7790 0.0075 0.1794 0.0039 0.0196 0.0036 
           1 0.0150 0.6063 0.0095 0.0153 0.0033 0.0527 0.2980 
           1 0.0365 0.7677 0.0035 0.0652 0.0074 0.1075 0.0123 
           1 0.0089 0.7974 0.0659 0.0182 0.0135 0.0759 0.0202 
           1 0.0662 0.7494 0.0024 0.0072 0.0190 0.1118 0.0442 
           1 0.0142 0.5683 0.0014 0.0043 0.0102 0.1074 0.2943 
           1 0.0120 0.9313 0.0024 0.0080 0.0044 0.0301 0.0118 
           1 0.0192 0.6515 0.1198 0.1838 0.0049 0.0023 0.0185 
           1 0.0031 0.7643 0.0033 0.0047 0.0063 0.2128 0.0054 
           1 0.0047 0.8246 0.0033 0.0999 0.0047 0.0589 0.0039 
           1 0.0110 0.8586 0.0611 0.0216 0.0236 0.0176 0.0065 
           1 0.0130 0.6542 0.0044 0.0745 0.1072 0.0012 0.1454 
           1 0.0092 0.6219 0.0069 0.3384 0.0149 0.0048 0.0039 
           1 0.1675 0.0085 0.1350 0.2770 0.4035 0.0015 0.0070 
           1 0.2398 0.0137 0.1719 0.3431 0.0607 0.0071 0.1636 
           1 0.0104 0.0044 0.9005 0.0029 0.0693 0.0036 0.0089 
           1 0.0066 0.0130 0.7596 0.0071 0.1937 0.0116 0.0085 
           1 0.0050 0.7090 0.1755 0.0921 0.0051 0.0021 0.0113 
           1 0.0122 0.4260 0.2143 0.1844 0.0073 0.1520 0.0038 
           1 0.0998 0.1185 0.0091 0.4922 0.1670 0.0079 0.1055 
           1 0.0184 0.0046 0.0067 0.2312 0.5677 0.0066 0.1649 
           1 0.0282 0.0061 0.0027 0.0260 0.7113 0.0032 0.2225 
           1 0.0903 0.0059 0.0027 0.2344 0.6609 0.0009 0.0049 
           1 0.0047 0.0093 0.0101 0.2683 0.6180 0.0014 0.0882 
           1 0.2096 0.0237 0.0056 0.0565 0.6102 0.0112 0.0833 
           1 0.0120 0.0052 0.0107 0.2029 0.7602 0.0031 0.0059 
           1 0.0028 0.1847 0.0124 0.4825 0.2803 0.0278 0.0095 
           1 0.0667 0.0321 0.0245 0.4720 0.3796 0.0027 0.0225 
           1 0.0238 0.0306 0.0029 0.0052 0.3007 0.0422 0.5946 
           1 0.0651 0.0073 0.0250 0.0057 0.5991 0.0033 0.2944 
           1 0.0160 0.0538 0.0066 0.0319 0.2828 0.0995 0.5093 
           1 0.0149 0.0174 0.0072 0.0669 0.6394 0.0020 0.2521 
           1 0.0896 0.0054 0.0045 0.1060 0.5033 0.0033 0.2880 
           1 0.2172 0.0196 0.0042 0.1277 0.5565 0.0392 0.0356 
           1 0.0051 0.0549 0.0359 0.2966 0.4245 0.0076 0.1754 
           1 0.1421 0.0083 0.0031 0.0307 0.7823 0.0031 0.0304 
           1 0.0105 0.0030 0.0026 0.0019 0.8619 0.1126 0.0075 
           1 0.0183 0.0140 0.0055 0.3373 0.6128 0.0050 0.0070 
           1 0.0102 0.0093 0.0196 0.0766 0.6207 0.1887 0.0750 
           1 0.0083 0.0062 0.0044 0.0048 0.9224 0.0358 0.0181 
           1 0.2285 0.0251 0.0071 0.5625 0.1087 0.0066 0.0615 
           1 0.0559 0.0056 0.0068 0.1739 0.7209 0.0309 0.0060 
           1 0.0697 0.0043 0.0040 0.1396 0.7761 0.0021 0.0042 
           1 0.0171 0.0036 0.0030 0.0742 0.6631 0.0023 0.2367 
           1 0.3458 0.0032 0.0057 0.0060 0.6276 0.0021 0.0097 
           1 0.0093 0.0020 0.0084 0.2494 0.7006 0.0272 0.0031 
           1 0.0198 0.0178 0.0208 0.3689 0.5608 0.0032 0.0087 
           1 0.0084 0.1941 0.0131 0.1234 0.5648 0.0899 0.0063 
           1 0.1672 0.0361 0.0107 0.4448 0.3313 0.0023 0.0075 
           1 0.0234 0.0091 0.0123 0.1451 0.7410 0.0046 0.0644 
           1 0.1756 0.0060 0.0687 0.0308 0.5309 0.0033 0.1847 
           1 0.0586 0.0070 0.0053 0.2829 0.5661 0.0083 0.0717 
           1 0.1071 0.0163 0.0065 0.2325 0.3567 0.0032 0.2776 
           1 0.0174 0.0047 0.0024 0.0351 0.8985 0.0032 0.0386 
           1 0.0070 0.0129 0.0049 0.1766 0.6532 0.0700 0.0755 
           1 0.0960 0.0024 0.0119 0.5608 0.0926 0.0040 0.2323 
           1 0.0055 0.0047 0.0078 0.2090 0.3603 0.1185 0.2942 
           1 0.0227 0.0168 0.0090 0.6896 0.2321 0.0246 0.0051 
           1 0.1341 0.0230 0.0115 0.1434 0.5645 0.0111 0.1123 
           1 0.3077 0.0031 0.0556 0.0657 0.2438 0.0026 0.3213 
           1 0.0174 0.0054 0.0317 0.0064 0.7217 0.0084 0.2089 
           1 0.0626 0.0077 0.0070 0.0030 0.8171 0.0831 0.0195 
           1 0.0433 0.0140 0.0158 0.0375 0.7681 0.0019 0.1194 
           1 0.0182 0.0114 0.0022 0.1104 0.6625 0.1345 0.0608 
           1 0.1244 0.0078 0.0101 0.2847 0.5555 0.0025 0.0150 
           1 0.1131 0.0090 0.1083 0.0466 0.6585 0.0205 0.0440 
           1 0.0064 0.0029 0.0022 0.0062 0.6961 0.0860 0.2001 
           1 0.0936 0.0154 0.0164 0.1026 0.5351 0.0025 0.2343 
           1 0.0085 0.4658 0.0164 0.4542 0.0071 0.0134 0.0347 
           1 0.0111 0.1260 0.2635 0.5243 0.0266 0.0346 0.0139 
           1 0.0649 0.5962 0.0096 0.0262 0.1194 0.0208 0.1629 
           1 0.0074 0.2013 0.0099 0.6018 0.0166 0.0138 0.1492 
           1 0.0607 0.3251 0.0074 0.5576 0.0296 0.0028 0.0169 
           1 0.0049 0.2307 0.0061 0.1638 0.0108 0.0097 0.5740 
           1 0.0094 0.7436 0.0092 0.0265 0.0127 0.1804 0.0182 
           1 0.0182 0.2685 0.1507 0.5200 0.0081 0.0107 0.0239 
           1 0.0259 0.6874 0.0018 0.0138 0.0330 0.0086 0.2295 
           1 0.0175 0.3302 0.0033 0.6317 0.0058 0.0062 0.0052 
           1 0.0051 0.0366 0.0227 0.0493 0.1603 0.0041 0.7218 
           1 0.0156 0.0074 0.0074 0.1714 0.3705 0.0017 0.4260 
           1 0.0075 0.2322 0.6560 0.0800 0.0100 0.0112 0.0032 
           1 0.0132 0.6930 0.0402 0.0019 0.1982 0.0472 0.0063 
           1 0.0196 0.7580 0.0073 0.0093 0.2010 0.0024 0.0023 
           1 0.0211 0.7692 0.0149 0.0059 0.0168 0.1575 0.0146 
           1 0.0305 0.7475 0.0319 0.1766 0.0076 0.0022 0.0037 
           1 0.8154 0.0192 0.0727 0.0087 0.0098 0.0726 0.0017 
           1 0.1917 0.0527 0.0251 0.6236 0.0705 0.0158 0.0206 
           1 0.8149 0.0042 0.0059 0.0229 0.0083 0.1299 0.0139 
           1 0.5785 0.0425 0.0877 0.0244 0.2073 0.0072 0.0524 
           1 0.0079 0.2247 0.6935 0.0020 0.0033 0.0647 0.0038 
           1 0.0055 0.0121 0.8659 0.0020 0.0045 0.1078 0.0022 
           1 0.0475 0.4561 0.0074 0.0111 0.1179 0.0039 0.3561 
           1 0.0359 0.5745 0.0022 0.0122 0.0155 0.1343 0.2254 
           1 0.0099 0.0052 0.9703 0.0024 0.0084 0.0011 0.0028 
           1 0.0094 0.0020 0.9715 0.0031 0.0049 0.0033 0.0058 
           1 0.0032 0.0030 0.8841 0.0023 0.0014 0.1045 0.0015 
           1 0.0547 0.1761 0.7270 0.0226 0.0019 0.0045 0.0132 
           1 0.0338 0.5909 0.0024 0.0106 0.0127 0.0026 0.3469 
           1 0.0903 0.0143 0.0393 0.2041 0.3389 0.0034 0.3097 
           1 0.0784 0.0088 0.0357 0.5378 0.2046 0.0120 0.1226 
           1 0.0115 0.0023 0.0226 0.8267 0.0085 0.0398 0.0886 
           1 0.0080 0.0033 0.0032 0.3654 0.3442 0.0105 0.2654 
           1 0.0598 0.0056 0.0051 0.2265 0.4650 0.0018 0.2362 
           1 0.0198 0.1661 0.0064 0.3646 0.1384 0.0721 0.2326 
           1 0.0609 0.0430 0.1140 0.6357 0.0387 0.0047 0.1030 
           1 0.0110 0.0097 0.0685 0.4241 0.0167 0.0054 0.4645 
           1 0.0076 0.1293 0.0223 0.7200 0.0342 0.0052 0.0813 
           1 0.0462 0.0082 0.0241 0.8657 0.0155 0.0051 0.0351 
           1 0.0074 0.0039 0.0079 0.4605 0.2058 0.0763 0.2383 
           1 0.0223 0.0264 0.0028 0.4965 0.0117 0.0114 0.4290 
           1 0.0117 0.0168 0.0787 0.4730 0.2544 0.0061 0.1594 
           1 0.0265 0.0025 0.0183 0.4939 0.0189 0.0962 0.3436 
           1 0.0485 0.0644 0.0722 0.3566 0.3930 0.0034 0.0619 
           1 0.0092 0.0049 0.0492 0.3688 0.1471 0.0737 0.3471 
           1 0.0080 0.0035 0.0113 0.3076 0.3456 0.0118 0.3121 
           1 0.0106 0.0028 0.0028 0.3801 0.0439 0.1405 0.4192 
           1 0.0149 0.0993 0.0246 0.3709 0.1127 0.0025 0.3751 
           1 0.0055 0.0068 0.8893 0.0900 0.0028 0.0029 0.0026 
           1 0.0097 0.0038 0.7989 0.1804 0.0024 0.0024 0.0024 
           1 0.0109 0.0065 0.8304 0.1097 0.0103 0.0255 0.0068 
           1 0.0064 0.1255 0.6598 0.1886 0.0051 0.0024 0.0123 
           1 0.0029 0.0029 0.8426 0.0054 0.0009 0.1433 0.0020 
           1 0.0022 0.0013 0.8574 0.0245 0.0025 0.1108 0.0014 
           1 0.0025 0.1565 0.5957 0.1774 0.0082 0.0565 0.0032 
           1 0.0048 0.0108 0.8392 0.0048 0.0063 0.1257 0.0085 
           1 0.0060 0.0032 0.8258 0.0027 0.0020 0.1593 0.0010 
           1 0.0020 0.0018 0.8812 0.0034 0.0024 0.1068 0.0024 
