           1 0.0101 0.9579 0.0037 0.0184 0.0039 0.0059 
           1 0.0138 0.9671 0.0081 0.0028 0.0042 0.0040 
           1 0.0223 0.9603 0.0033 0.0029 0.0056 0.0056 
           1 0.0067 0.9493 0.0122 0.0080 0.0176 0.0061 
           1 0.0555 0.8684 0.0070 0.0322 0.0202 0.0166 
           1 0.0999 0.7967 0.0192 0.0791 0.0029 0.0022 
           1 0.0710 0.8806 0.0138 0.0089 0.0228 0.0029 
           1 0.2287 0.6598 0.0402 0.0139 0.0448 0.0126 
           1 0.0090 0.9753 0.0072 0.0036 0.0033 0.0017 
           1 0.3261 0.6084 0.0218 0.0332 0.0066 0.0041 
           1 0.1181 0.7600 0.0286 0.0654 0.0128 0.0151 
           1 0.1069 0.8673 0.0092 0.0032 0.0075 0.0059 
           1 0.1794 0.7978 0.0134 0.0036 0.0032 0.0027 
           1 0.0616 0.5103 0.0920 0.0488 0.2846 0.0027 
           1 0.0496 0.7600 0.1384 0.0202 0.0291 0.0028 
           1 0.0053 0.9451 0.0404 0.0040 0.0026 0.0025 
           1 0.1665 0.7953 0.0320 0.0020 0.0017 0.0025 
           1 0.1037 0.7731 0.0824 0.0027 0.0341 0.0040 
           1 0.0179 0.8420 0.1111 0.0028 0.0167 0.0095 
           1 0.1440 0.6015 0.2279 0.0079 0.0165 0.0023 
           1 0.0618 0.9005 0.0105 0.0099 0.0147 0.0026 
           1 0.0223 0.9143 0.0173 0.0152 0.0266 0.0043 
           1 0.0210 0.8576 0.0720 0.0173 0.0274 0.0047 
           1 0.0076 0.9626 0.0053 0.0068 0.0058 0.0118 
           1 0.1102 0.8649 0.0126 0.0017 0.0065 0.0040 
           1 0.1015 0.8661 0.0120 0.0100 0.0058 0.0047 
           1 0.0090 0.8362 0.0238 0.0023 0.0075 0.1213 
           1 0.7373 0.2385 0.0071 0.0039 0.0096 0.0036 
           1 0.0290 0.5792 0.0611 0.0526 0.2354 0.0427 
           1 0.0464 0.7732 0.1255 0.0085 0.0191 0.0273 
           1 0.0056 0.8425 0.1407 0.0056 0.0019 0.0036 
           1 0.0696 0.7377 0.1734 0.0082 0.0054 0.0057 
           1 0.0035 0.7658 0.2237 0.0035 0.0030 0.0005 
           1 0.0254 0.7550 0.2105 0.0033 0.0046 0.0013 
           1 0.0375 0.8485 0.1059 0.0040 0.0024 0.0017 
           1 0.0082 0.7503 0.2341 0.0034 0.0027 0.0014 
           1 0.0421 0.8628 0.0227 0.0125 0.0565 0.0034 
           1 0.0113 0.9581 0.0163 0.0056 0.0056 0.0031 
           1 0.0449 0.8759 0.0160 0.0239 0.0368 0.0026 
           1 0.0098 0.8859 0.0073 0.0081 0.0410 0.0479 
           1 0.0062 0.9065 0.0639 0.0026 0.0163 0.0045 
           1 0.0777 0.8957 0.0040 0.0058 0.0116 0.0053 
           1 0.3572 0.4650 0.0557 0.0514 0.0119 0.0588 
           1 0.0042 0.9772 0.0100 0.0022 0.0055 0.0009 
           1 0.1287 0.7704 0.0162 0.0170 0.0652 0.0026 
           1 0.0814 0.8531 0.0213 0.0192 0.0203 0.0048 
           1 0.0073 0.9262 0.0487 0.0033 0.0112 0.0034 
           1 0.0617 0.7824 0.0074 0.0406 0.0547 0.0532 
           1 0.0289 0.8031 0.0677 0.0456 0.0411 0.0137 
           1 0.2115 0.7480 0.0040 0.0261 0.0023 0.0081 
           1 0.0023 0.9793 0.0059 0.0027 0.0054 0.0044 
           1 0.0546 0.6996 0.1152 0.0067 0.1188 0.0052 
           1 0.1112 0.8176 0.0051 0.0431 0.0210 0.0021 
           1 0.1303 0.8353 0.0105 0.0049 0.0173 0.0017 
           1 0.0041 0.9372 0.0355 0.0025 0.0070 0.0137 
           1 0.0096 0.9184 0.0565 0.0048 0.0064 0.0043 
           1 0.1891 0.7799 0.0040 0.0088 0.0120 0.0061 
           1 0.1334 0.4593 0.2767 0.1217 0.0038 0.0051 
           1 0.4471 0.1729 0.3199 0.0270 0.0238 0.0092 
           1 0.1233 0.7536 0.0082 0.0195 0.0791 0.0162 
           1 0.2856 0.6532 0.0400 0.0064 0.0098 0.0049 
           1 0.0045 0.9070 0.0645 0.0067 0.0045 0.0128 
           1 0.2256 0.7558 0.0040 0.0047 0.0072 0.0027 
           1 0.0029 0.9133 0.0745 0.0033 0.0031 0.0029 
           1 0.0847 0.8954 0.0088 0.0040 0.0049 0.0023 
           1 0.0045 0.9625 0.0253 0.0023 0.0027 0.0028 
           1 0.2064 0.7005 0.0597 0.0037 0.0227 0.0069 
           1 0.1957 0.7821 0.0034 0.0085 0.0073 0.0030 
           1 0.0724 0.6306 0.0067 0.0059 0.2781 0.0064 
           1 0.1333 0.8393 0.0072 0.0091 0.0077 0.0035 
           1 0.0895 0.8122 0.0130 0.0053 0.0468 0.0332 
           1 0.0272 0.8769 0.0755 0.0061 0.0096 0.0048 
           1 0.1537 0.8028 0.0215 0.0087 0.0102 0.0032 
           1 0.0178 0.9240 0.0401 0.0023 0.0114 0.0044 
           1 0.0407 0.8877 0.0271 0.0100 0.0213 0.0133 
           1 0.2082 0.7500 0.0049 0.0118 0.0077 0.0174 
           1 0.2317 0.6506 0.0506 0.0063 0.0406 0.0203 
           1 0.0091 0.9473 0.0158 0.0211 0.0051 0.0015 
           1 0.0585 0.7693 0.0076 0.0852 0.0521 0.0272 
           1 0.0121 0.8827 0.0740 0.0193 0.0082 0.0038 
           1 0.1060 0.8481 0.0030 0.0201 0.0169 0.0059 
           1 0.0104 0.8648 0.0995 0.0044 0.0177 0.0033 
           1 0.0040 0.9030 0.0674 0.0079 0.0142 0.0035 
           1 0.2252 0.7435 0.0105 0.0082 0.0094 0.0032 
           1 0.3861 0.6003 0.0032 0.0030 0.0032 0.0042 
           1 0.2310 0.7324 0.0089 0.0057 0.0106 0.0114 
           1 0.0257 0.9201 0.0071 0.0081 0.0346 0.0044 
           1 0.0635 0.8937 0.0062 0.0043 0.0151 0.0172 
           1 0.1237 0.8421 0.0080 0.0086 0.0150 0.0027 
           1 0.1081 0.8648 0.0115 0.0035 0.0049 0.0072 
           1 0.3013 0.5702 0.0823 0.0194 0.0200 0.0067 
           1 0.2123 0.5568 0.0367 0.1158 0.0702 0.0083 
           1 0.0274 0.6041 0.1060 0.0119 0.2345 0.0161 
           1 0.1052 0.8285 0.0255 0.0062 0.0288 0.0058 
           1 0.1023 0.6015 0.1096 0.0036 0.1822 0.0009 
           1 0.0441 0.6003 0.1036 0.0056 0.2444 0.0020 
           1 0.0345 0.8258 0.0509 0.0397 0.0416 0.0075 
           1 0.0072 0.7569 0.0115 0.0470 0.1752 0.0023 
           1 0.0172 0.4508 0.2617 0.1276 0.0628 0.0799 
           1 0.1785 0.7619 0.0055 0.0288 0.0195 0.0057 
           1 0.1484 0.2693 0.2110 0.1882 0.0982 0.0850 
           1 0.1106 0.0456 0.3160 0.3358 0.0216 0.1704 
           1 0.0336 0.0512 0.6202 0.1499 0.0153 0.1298 
           1 0.0127 0.0753 0.6100 0.2616 0.0218 0.0185 
           1 0.0403 0.0333 0.6153 0.2749 0.0097 0.0265 
           1 0.0046 0.0817 0.6555 0.1942 0.0102 0.0538 
           1 0.0179 0.1438 0.5569 0.2508 0.0101 0.0205 
           1 0.0158 0.0150 0.7244 0.1988 0.0042 0.0417 
           1 0.3454 0.2639 0.3252 0.0471 0.0144 0.0040 
           1 0.4749 0.0325 0.4465 0.0332 0.0111 0.0019 
           1 0.3259 0.5846 0.0626 0.0084 0.0034 0.0150 
           1 0.0103 0.0065 0.1826 0.5652 0.0257 0.2097 
           1 0.0505 0.0027 0.1579 0.0901 0.0068 0.6919 
           1 0.0124 0.0056 0.0156 0.2122 0.0240 0.7302 
           1 0.0222 0.0014 0.0064 0.5860 0.0071 0.3770 
           1 0.0254 0.0116 0.0495 0.0382 0.1038 0.7714 
           1 0.0260 0.0057 0.0581 0.0729 0.0279 0.8094 
           1 0.0163 0.0543 0.0226 0.4154 0.0108 0.4806 
           1 0.0043 0.0057 0.0170 0.0236 0.1136 0.8359 
           1 0.0481 0.0080 0.0055 0.2957 0.0301 0.6126 
           1 0.0431 0.0032 0.1283 0.5670 0.0044 0.2539 
           1 0.0473 0.0020 0.0045 0.5753 0.0328 0.3381 
           1 0.0107 0.0029 0.0071 0.6885 0.0069 0.2839 
           1 0.0027 0.0078 0.0166 0.0734 0.0221 0.8773 
           1 0.0041 0.0036 0.0391 0.0686 0.0894 0.7953 
           1 0.0055 0.2238 0.5146 0.0256 0.2035 0.0270 
           1 0.0242 0.0386 0.7731 0.0083 0.1373 0.0185 
           1 0.0740 0.0124 0.5419 0.0029 0.3600 0.0087 
           1 0.0045 0.0063 0.9057 0.0031 0.0779 0.0025 
           1 0.0776 0.0157 0.8095 0.0078 0.0653 0.0241 
           1 0.0129 0.0448 0.5540 0.0091 0.3718 0.0073 
           1 0.0666 0.0057 0.7539 0.0075 0.1635 0.0029 
           1 0.0159 0.0602 0.7126 0.0068 0.2020 0.0024 
           1 0.0082 0.0186 0.9045 0.0031 0.0526 0.0130 
           1 0.1975 0.1166 0.6417 0.0049 0.0300 0.0092 
           1 0.0553 0.0051 0.5869 0.0586 0.2773 0.0169 
           1 0.0302 0.2204 0.3623 0.0060 0.3736 0.0074 
           1 0.1015 0.0051 0.4903 0.0173 0.3812 0.0046 
           1 0.0085 0.0320 0.6027 0.0039 0.3513 0.0016 
           1 0.0086 0.0101 0.3862 0.0024 0.5905 0.0022 
           1 0.0196 0.0322 0.0726 0.0372 0.8021 0.0363 
           1 0.1595 0.0121 0.0254 0.0162 0.7397 0.0472 
           1 0.2751 0.1411 0.1468 0.0082 0.4273 0.0016 
           1 0.1224 0.0064 0.0351 0.0164 0.8062 0.0135 
           1 0.0038 0.0026 0.0047 0.0051 0.9814 0.0023 
           1 0.0287 0.0326 0.0333 0.0293 0.8306 0.0453 
           1 0.0099 0.0025 0.0078 0.0088 0.9489 0.0221 
           1 0.0471 0.0097 0.0176 0.0108 0.9109 0.0038 
           1 0.0129 0.0031 0.0139 0.0150 0.9483 0.0068 
           1 0.0067 0.0054 0.0146 0.0121 0.9528 0.0083 
           1 0.0104 0.0337 0.0081 0.9198 0.0073 0.0207 
           1 0.0364 0.0039 0.0029 0.9512 0.0028 0.0027 
           1 0.0095 0.0014 0.0026 0.9808 0.0039 0.0017 
           1 0.1747 0.0021 0.0082 0.8093 0.0046 0.0011 
           1 0.0040 0.0120 0.0078 0.9626 0.0100 0.0035 
           1 0.5392 0.0300 0.0169 0.2265 0.1728 0.0145 
           1 0.0056 0.0213 0.0137 0.9402 0.0040 0.0152 
           1 0.0065 0.0036 0.0073 0.9753 0.0044 0.0029 
           1 0.0076 0.0084 0.0029 0.9753 0.0030 0.0028 
           1 0.0380 0.0170 0.0083 0.8533 0.0754 0.0080 
           1 0.0102 0.0208 0.0080 0.9510 0.0061 0.0039 
           1 0.0839 0.0034 0.0040 0.8993 0.0056 0.0038 
           1 0.0088 0.0142 0.0072 0.6282 0.0054 0.3362 
           1 0.0045 0.0107 0.0089 0.9284 0.0347 0.0128 
           1 0.0407 0.0773 0.0098 0.4578 0.0027 0.4116 
           1 0.0259 0.0769 0.1055 0.5848 0.0040 0.2028 
           1 0.1622 0.3254 0.2176 0.0293 0.1935 0.0721 
           1 0.0475 0.0115 0.0032 0.6159 0.0047 0.3173 
           1 0.0080 0.0241 0.0098 0.9421 0.0095 0.0065 
           1 0.0439 0.0033 0.0349 0.9117 0.0035 0.0026 
           1 0.2187 0.5237 0.2370 0.0018 0.0055 0.0134 
           1 0.2180 0.6685 0.0877 0.0034 0.0181 0.0042 
           1 0.1014 0.5328 0.3529 0.0029 0.0055 0.0044 
           1 0.1980 0.7667 0.0058 0.0045 0.0114 0.0136 
           1 0.0083 0.9246 0.0435 0.0075 0.0100 0.0061 
           1 0.0293 0.8802 0.0072 0.0035 0.0231 0.0568 
           1 0.1655 0.5072 0.3042 0.0028 0.0040 0.0163 
           1 0.1353 0.5781 0.2758 0.0037 0.0034 0.0038 
           1 0.1834 0.7031 0.0743 0.0033 0.0260 0.0098 
           1 0.0141 0.0066 0.1913 0.0023 0.1627 0.6230 
           1 0.0903 0.0058 0.0132 0.0041 0.2881 0.5985 
           1 0.0090 0.0039 0.0105 0.1341 0.0624 0.7802 
           1 0.3167 0.0194 0.0201 0.0087 0.0486 0.5866 
           1 0.0569 0.0019 0.0217 0.0035 0.0379 0.8783 
           1 0.0584 0.0128 0.0680 0.0059 0.0071 0.8478 
           1 0.0030 0.0080 0.0050 0.0017 0.3484 0.6339 
           1 0.0034 0.0061 0.1100 0.0407 0.0038 0.8360 
           1 0.0051 0.0295 0.0625 0.1623 0.0084 0.7322 
           1 0.0037 0.0715 0.0305 0.0050 0.2585 0.6308 
           1 0.0282 0.0023 0.0401 0.0120 0.9088 0.0086 
           1 0.0027 0.0454 0.1209 0.0054 0.8070 0.0186 
           1 0.0859 0.0076 0.0525 0.0105 0.8347 0.0088 
           1 0.0101 0.0332 0.0319 0.0050 0.9142 0.0057 
           1 0.0116 0.0079 0.0066 0.0114 0.9598 0.0026 
           1 0.0043 0.0084 0.0510 0.0039 0.9150 0.0175 
           1 0.0051 0.0038 0.0978 0.0037 0.8765 0.0131 
           1 0.0084 0.1316 0.1961 0.0052 0.6501 0.0086 
           1 0.0769 0.0107 0.0093 0.0061 0.8915 0.0056 
           1 0.2050 0.0051 0.0111 0.0048 0.7673 0.0068 
           1 0.0882 0.0066 0.0545 0.0283 0.7664 0.0559 
           1 0.0142 0.0032 0.0106 0.0351 0.8780 0.0590 
           1 0.0294 0.0057 0.0827 0.0059 0.8703 0.0059 
           1 0.0600 0.2888 0.0311 0.0134 0.5947 0.0120 
           1 0.0049 0.0068 0.0084 0.0155 0.9628 0.0017 
           1 0.0414 0.1595 0.0041 0.0433 0.7468 0.0047 
           1 0.1860 0.1152 0.0082 0.0065 0.6632 0.0208 
           1 0.2054 0.0066 0.0109 0.0108 0.7056 0.0607 
           1 0.0074 0.2638 0.0084 0.0106 0.5464 0.1634 
           1 0.0877 0.0090 0.0163 0.0077 0.7511 0.1282 
           1 0.0783 0.0280 0.0080 0.0027 0.8564 0.0265 
           1 0.1104 0.0107 0.0057 0.0179 0.7821 0.0732 
           1 0.2921 0.1281 0.0063 0.0035 0.4327 0.1373 
           1 0.0244 0.2678 0.0439 0.0487 0.5039 0.1113 
           1 0.3535 0.0059 0.0091 0.1575 0.0058 0.4681 
           1 0.1051 0.0195 0.0112 0.1569 0.0102 0.6971 
           1 0.1269 0.0036 0.0080 0.2128 0.0099 0.6389 
           1 0.0313 0.0480 0.0140 0.1701 0.0157 0.7209 
           1 0.0073 0.0176 0.0041 0.6727 0.0055 0.2928 
           1 0.0114 0.1383 0.0157 0.0051 0.0066 0.8229 
           1 0.0132 0.0957 0.0075 0.1770 0.0095 0.6971 
           1 0.1856 0.0027 0.0064 0.4940 0.0079 0.3034 
           1 0.1310 0.0053 0.0085 0.5262 0.0073 0.3217 
           1 0.1741 0.0039 0.0046 0.0528 0.0209 0.7437 
           1 0.2141 0.0083 0.0116 0.0441 0.0148 0.7071 
           1 0.3738 0.0043 0.0063 0.0079 0.0052 0.6025 
           1 0.4165 0.0065 0.0032 0.0076 0.0056 0.5605 
           1 0.0857 0.0178 0.0064 0.1721 0.0145 0.7036 
           1 0.0391 0.0050 0.0053 0.0621 0.0081 0.8804 
           1 0.0117 0.0780 0.0307 0.0037 0.0042 0.8717 
           1 0.0462 0.0165 0.0262 0.1001 0.0373 0.7736 
           1 0.0306 0.0113 0.0943 0.1307 0.0174 0.7157 
           1 0.1584 0.0057 0.0100 0.2301 0.0054 0.5904 
           1 0.0984 0.0094 0.1355 0.0044 0.0014 0.7509 
           1 0.1427 0.0025 0.0517 0.0172 0.0051 0.7808 
           1 0.0134 0.0058 0.0035 0.2934 0.0030 0.6809 
           1 0.0037 0.0066 0.0126 0.4629 0.0110 0.5032 
           1 0.2835 0.0088 0.0088 0.0071 0.0124 0.6794 
           1 0.0017 0.0673 0.0087 0.1963 0.0102 0.7158 
           1 0.0299 0.0075 0.0075 0.5723 0.0214 0.3615 
           1 0.1581 0.0039 0.0046 0.1096 0.0091 0.7147 
           1 0.0123 0.0414 0.0106 0.1923 0.0859 0.6574 
           1 0.1741 0.0181 0.0082 0.0889 0.0025 0.7081 
           1 0.0993 0.0684 0.1963 0.0599 0.4993 0.0768 
           1 0.4114 0.0965 0.0776 0.0277 0.3657 0.0210 
           1 0.0758 0.0089 0.3333 0.0464 0.5257 0.0099 
           1 0.3678 0.0044 0.5807 0.0057 0.0375 0.0040 
           1 0.1298 0.2380 0.6161 0.0049 0.0036 0.0076 
           1 0.1284 0.0141 0.4027 0.0086 0.4333 0.0129 
           1 0.2554 0.0285 0.6438 0.0333 0.0350 0.0041 
           1 0.0701 0.0099 0.3986 0.0149 0.4968 0.0096 
           1 0.1824 0.0140 0.0165 0.7764 0.0060 0.0048 
           1 0.2454 0.0642 0.3124 0.3666 0.0055 0.0060 
           1 0.4701 0.0431 0.2650 0.1793 0.0132 0.0293 
           1 0.2770 0.0033 0.0038 0.0580 0.0152 0.6427 
           1 0.1142 0.0039 0.0063 0.1227 0.0045 0.7484 
           1 0.0892 0.0056 0.0296 0.0065 0.2754 0.5937 
           1 0.1325 0.0065 0.0040 0.0027 0.2431 0.6112 
           1 0.0055 0.1955 0.1705 0.0025 0.0705 0.5555 
           1 0.1950 0.0169 0.0158 0.0039 0.2689 0.4995 
           1 0.1084 0.0041 0.0036 0.0128 0.3450 0.5261 
           1 0.2809 0.0049 0.0034 0.0040 0.2970 0.4098 
           1 0.2389 0.0061 0.0115 0.0030 0.3282 0.4122 
           1 0.4304 0.0132 0.0109 0.3991 0.0067 0.1398 
           1 0.6288 0.0658 0.0081 0.2870 0.0037 0.0066 
           1 0.0056 0.0026 0.0046 0.9823 0.0027 0.0023 
           1 0.0196 0.0038 0.0090 0.9546 0.0068 0.0062 
           1 0.0025 0.1190 0.0027 0.8674 0.0036 0.0048 
           1 0.0578 0.0072 0.0031 0.9019 0.0205 0.0096 
           1 0.0039 0.0032 0.0056 0.9592 0.0092 0.0189 
           1 0.0049 0.0039 0.0024 0.9833 0.0037 0.0018 
           1 0.0834 0.2679 0.1710 0.3795 0.0884 0.0098 
           1 0.0904 0.2119 0.3131 0.2104 0.0166 0.1576 
           1 0.4037 0.1820 0.0512 0.2738 0.0290 0.0604 
           1 0.4319 0.3684 0.0077 0.1347 0.0202 0.0370 
           1 0.3207 0.3236 0.0866 0.1933 0.0160 0.0597 
           1 0.5691 0.1642 0.0317 0.1866 0.0218 0.0265 
           1 0.2605 0.3901 0.0121 0.2133 0.1042 0.0199 
           1 0.2886 0.3200 0.2236 0.1059 0.0560 0.0059 
           1 0.3328 0.4940 0.0124 0.1347 0.0076 0.0186 
           1 0.4633 0.3103 0.0061 0.1457 0.0183 0.0562 
           1 0.3489 0.0206 0.1186 0.1048 0.3927 0.0144 
           1 0.4628 0.0944 0.0055 0.1437 0.2905 0.0030 
           1 0.7110 0.2406 0.0088 0.0127 0.0219 0.0050 
           1 0.7579 0.0239 0.1529 0.0179 0.0348 0.0127 
           1 0.4189 0.2588 0.0047 0.0379 0.2698 0.0100 
           1 0.5034 0.1380 0.2620 0.0261 0.0078 0.0627 
           1 0.0153 0.0713 0.2315 0.0054 0.0237 0.6528 
           1 0.0110 0.0121 0.0055 0.1703 0.0066 0.7946 
           1 0.1181 0.0128 0.0122 0.0077 0.0307 0.8185 
           1 0.0203 0.0076 0.1574 0.0051 0.0044 0.8053 
           1 0.0136 0.0025 0.1237 0.0858 0.0109 0.7635 
           1 0.0066 0.0095 0.1723 0.0326 0.0028 0.7763 
           1 0.0831 0.0056 0.1241 0.0058 0.0062 0.7753 
           1 0.0089 0.0610 0.0101 0.0851 0.3749 0.4600 
           1 0.1693 0.0132 0.0056 0.1198 0.0039 0.6883 
           1 0.0052 0.0044 0.0230 0.0089 0.0351 0.9235 
           1 0.0032 0.2005 0.0166 0.0045 0.1869 0.5882 
           1 0.0175 0.0104 0.0568 0.0334 0.0509 0.8311 
           1 0.0104 0.0170 0.0505 0.5466 0.0216 0.3538 
           1 0.0070 0.0162 0.0126 0.0050 0.2521 0.7071 
           1 0.0048 0.0311 0.0088 0.0577 0.0270 0.8706 
           1 0.1727 0.0045 0.0033 0.0201 0.2372 0.5621 
           1 0.0473 0.0190 0.0320 0.0398 0.0194 0.8426 
           1 0.0106 0.0182 0.0586 0.0109 0.2078 0.6939 
           1 0.0247 0.0108 0.0123 0.0127 0.4366 0.5028 
           1 0.1939 0.0323 0.0065 0.0036 0.1948 0.5688 
           1 0.0085 0.0203 0.1569 0.0205 0.1865 0.6072 
           1 0.0106 0.0035 0.0051 0.0021 0.0060 0.9727 
           1 0.1234 0.0392 0.0547 0.0098 0.1888 0.5842 
           1 0.0945 0.1111 0.0104 0.0079 0.0036 0.7726 
           1 0.0898 0.0104 0.0154 0.0131 0.1296 0.7416 
           1 0.0117 0.0148 0.0075 0.0111 0.2230 0.7318 
           1 0.0722 0.0046 0.0089 0.0862 0.0137 0.8144 
           1 0.0438 0.0732 0.0373 0.0175 0.1347 0.6934 
           1 0.0637 0.0045 0.0062 0.0032 0.0127 0.9097 
           1 0.1380 0.0074 0.0151 0.0090 0.0526 0.7780 
           1 0.0688 0.0100 0.0061 0.0097 0.0081 0.8972 
           1 0.0739 0.0369 0.0030 0.0060 0.1973 0.6829 
           1 0.2293 0.0037 0.0028 0.0103 0.0063 0.7476 
           1 0.0183 0.0031 0.0082 0.0039 0.3478 0.6187 
           1 0.1257 0.0246 0.0080 0.0142 0.0394 0.7881 
           1 0.0300 0.0042 0.0086 0.0894 0.0401 0.8277 
           1 0.0108 0.0378 0.0287 0.0037 0.1503 0.7685 
           1 0.0052 0.0087 0.0098 0.0019 0.3773 0.5970 
           1 0.0106 0.0056 0.0044 0.0038 0.0292 0.9464 
           1 0.2362 0.0030 0.0064 0.1069 0.0186 0.6290 
           1 0.0265 0.0061 0.0030 0.0212 0.1007 0.8425 
           1 0.1506 0.0044 0.0025 0.0062 0.0075 0.8289 
           1 0.0531 0.0067 0.0346 0.0406 0.0077 0.8573 
           1 0.1012 0.0055 0.0494 0.0032 0.2116 0.6291 
           1 0.3543 0.0049 0.0137 0.0131 0.0103 0.6037 
           1 0.3017 0.0403 0.5014 0.1455 0.0080 0.0031 
           1 0.3646 0.1712 0.0884 0.1620 0.2052 0.0086 
           1 0.0129 0.0055 0.0477 0.9167 0.0124 0.0047 
           1 0.0115 0.0091 0.1449 0.7918 0.0260 0.0166 
           1 0.1308 0.0038 0.0047 0.1531 0.0214 0.6862 
           1 0.2107 0.0103 0.0166 0.2583 0.0196 0.4845 
           1 0.5347 0.0471 0.1125 0.0130 0.1936 0.0989 
           1 0.2615 0.0192 0.3599 0.0203 0.3357 0.0035 
           1 0.0742 0.0138 0.5554 0.0037 0.3503 0.0027 
           1 0.2883 0.0600 0.6364 0.0025 0.0072 0.0057 
           1 0.3201 0.0035 0.3539 0.0040 0.3019 0.0166 
           1 0.1411 0.2264 0.4450 0.0065 0.1714 0.0096 
           1 0.2678 0.0057 0.6742 0.0048 0.0412 0.0063 
           1 0.5054 0.0055 0.2262 0.0099 0.0696 0.1834 
           1 0.4989 0.0415 0.3095 0.0184 0.1143 0.0175 
           1 0.0283 0.0053 0.1072 0.0057 0.8278 0.0257 
           1 0.0144 0.0464 0.4496 0.0318 0.4559 0.0019 
           1 0.0705 0.0182 0.0895 0.0094 0.7486 0.0637 
           1 0.1273 0.0066 0.4313 0.0132 0.4132 0.0084 
           1 0.1487 0.0419 0.3451 0.0040 0.4555 0.0048 
           1 0.1692 0.1924 0.3962 0.0071 0.2262 0.0089 
           1 0.3498 0.0034 0.1817 0.0252 0.4025 0.0374 
           1 0.0778 0.0824 0.6314 0.0038 0.1929 0.0118 
           1 0.0056 0.0042 0.8443 0.0027 0.1407 0.0026 
           1 0.3704 0.0212 0.3933 0.0112 0.1868 0.0172 
           1 0.1220 0.0219 0.2837 0.0677 0.5002 0.0045 
           1 0.0035 0.0069 0.8529 0.0036 0.1291 0.0040 
           1 0.6419 0.1420 0.0341 0.0050 0.1621 0.0149 
           1 0.2448 0.0385 0.6212 0.0084 0.0815 0.0055 
           1 0.1934 0.0278 0.7649 0.0024 0.0084 0.0032 
           1 0.0984 0.0218 0.5074 0.0024 0.3675 0.0023 
           1 0.0191 0.2439 0.7079 0.0055 0.0198 0.0038 
           1 0.3170 0.0024 0.6256 0.0134 0.0392 0.0024 
           1 0.3980 0.0129 0.4974 0.0147 0.0686 0.0084 
           1 0.1582 0.0128 0.4217 0.0098 0.2028 0.1947 
           1 0.4579 0.0311 0.4788 0.0067 0.0040 0.0215 
           1 0.1592 0.0158 0.5300 0.0048 0.2817 0.0086 
           1 0.0544 0.1565 0.3684 0.0452 0.3693 0.0062 
           1 0.3421 0.0416 0.4167 0.0090 0.1840 0.0065 
           1 0.2693 0.1244 0.1555 0.0068 0.4349 0.0091 
           1 0.1006 0.0037 0.6029 0.0033 0.2793 0.0102 
           1 0.2299 0.0056 0.4891 0.0038 0.2170 0.0547 
           1 0.5750 0.0522 0.0467 0.0028 0.3193 0.0041 
           1 0.2686 0.0037 0.1269 0.0092 0.5882 0.0033 
           1 0.7437 0.0119 0.2124 0.0063 0.0131 0.0125 
           1 0.1555 0.1040 0.4035 0.0115 0.3163 0.0092 
           1 0.1088 0.2931 0.1006 0.0458 0.4480 0.0036 
           1 0.0270 0.0253 0.5002 0.0282 0.4157 0.0036 
           1 0.0071 0.0613 0.6447 0.0034 0.2796 0.0040 
           1 0.0503 0.0183 0.5013 0.0170 0.4072 0.0059 
           1 0.1206 0.0239 0.4074 0.0025 0.4379 0.0078 
           1 0.3183 0.0115 0.6140 0.0220 0.0274 0.0069 
           1 0.1154 0.0770 0.4354 0.0976 0.2697 0.0049 
           1 0.0326 0.0036 0.4044 0.0062 0.5483 0.0048 
           1 0.1319 0.0748 0.3842 0.0105 0.3958 0.0028 
           1 0.5211 0.0048 0.0054 0.0102 0.0114 0.4471 
           1 0.5758 0.0147 0.0226 0.2551 0.0182 0.1136 
           1 0.0598 0.0519 0.0156 0.0112 0.2722 0.5893 
           1 0.6428 0.0058 0.0148 0.0140 0.1195 0.2030 
           1 0.6021 0.0265 0.0274 0.0083 0.0450 0.2907 
           1 0.1833 0.0048 0.0054 0.0102 0.5752 0.2211 
           1 0.0236 0.0042 0.0046 0.0040 0.1857 0.7780 
           1 0.4985 0.0201 0.0078 0.1851 0.0254 0.2630 
           1 0.0410 0.0108 0.0483 0.0025 0.2035 0.6939 
           1 0.6655 0.0151 0.0066 0.0046 0.0049 0.3033 
           1 0.0715 0.0026 0.0970 0.0102 0.7881 0.0305 
           1 0.1815 0.0164 0.3005 0.0064 0.4888 0.0065 
           1 0.0904 0.0019 0.0616 0.6665 0.0060 0.1736 
           1 0.0028 0.0037 0.2615 0.0425 0.0036 0.6859 
           1 0.0172 0.0038 0.2151 0.0112 0.0056 0.7471 
           1 0.0176 0.0082 0.0755 0.0406 0.0190 0.8390 
           1 0.2260 0.0058 0.0241 0.0248 0.0075 0.7117 
           1 0.0180 0.8244 0.0105 0.1102 0.0069 0.0301 
           1 0.6568 0.1645 0.0624 0.0328 0.0308 0.0527 
           1 0.0728 0.8712 0.0133 0.0103 0.0252 0.0073 
           1 0.0493 0.5796 0.1876 0.1015 0.0503 0.0316 
           1 0.0026 0.0069 0.0026 0.7387 0.0043 0.2449 
           1 0.0041 0.0047 0.0102 0.9554 0.0101 0.0155 
           1 0.0138 0.0517 0.0639 0.0110 0.4143 0.4454 
           1 0.0252 0.0494 0.0052 0.0045 0.3054 0.6102 
           1 0.0031 0.0113 0.0041 0.9751 0.0051 0.0013 
           1 0.0043 0.0041 0.0037 0.9800 0.0059 0.0020 
           1 0.0027 0.0025 0.0021 0.9880 0.0026 0.0022 
           1 0.0287 0.0090 0.0029 0.7564 0.0287 0.1743 
           1 0.0132 0.0208 0.0171 0.0028 0.3787 0.5673 
           1 0.2088 0.0627 0.1474 0.0366 0.5347 0.0099 
           1 0.5337 0.0647 0.0325 0.0253 0.3391 0.0047 
           1 0.8191 0.0050 0.0036 0.0159 0.1534 0.0030 
           1 0.3636 0.0099 0.0832 0.0087 0.5308 0.0038 
           1 0.2244 0.0329 0.2013 0.0024 0.5357 0.0034 
           1 0.3511 0.0128 0.0584 0.0066 0.3773 0.1939 
           1 0.6538 0.0575 0.0324 0.1027 0.1203 0.0333 
           1 0.3934 0.0053 0.0063 0.0620 0.5292 0.0037 
           1 0.7005 0.0075 0.0094 0.0201 0.2275 0.0350 
           1 0.8860 0.0374 0.0187 0.0125 0.0381 0.0073 
           1 0.4596 0.0115 0.0389 0.0075 0.4808 0.0017 
           1 0.4755 0.0172 0.0052 0.0046 0.4902 0.0073 
           1 0.4627 0.0086 0.1207 0.0706 0.3290 0.0084 
           1 0.4886 0.0107 0.0037 0.0154 0.4779 0.0037 
           1 0.3574 0.0181 0.1223 0.0527 0.4148 0.0346 
           1 0.3792 0.0033 0.0185 0.0466 0.5459 0.0065 
           1 0.3106 0.0116 0.0263 0.0223 0.6249 0.0044 
           1 0.3633 0.0029 0.0066 0.0040 0.6176 0.0057 
           1 0.3508 0.0162 0.0415 0.0232 0.5122 0.0561 
           1 0.0719 0.0030 0.0055 0.9104 0.0039 0.0053 
           1 0.2094 0.0050 0.0061 0.7740 0.0033 0.0022 
           1 0.1340 0.0045 0.0029 0.8400 0.0139 0.0046 
           1 0.1888 0.0102 0.0126 0.6947 0.0067 0.0870 
           1 0.0337 0.0034 0.0013 0.9517 0.0055 0.0044 
           1 0.0474 0.0031 0.0038 0.9414 0.0021 0.0020 
           1 0.2052 0.0016 0.0122 0.6103 0.0028 0.1679 
           1 0.0162 0.0176 0.0051 0.9186 0.0267 0.0158 
           1 0.0255 0.0067 0.0073 0.9480 0.0060 0.0064 
           1 0.0143 0.0021 0.0042 0.9737 0.0036 0.0020 
