           1 0.0369 0.0065 0.9566 
           1 0.0073 0.0054 0.9873 
           1 0.0047 0.0062 0.9891 
           1 0.0120 0.0103 0.9777 
           1 0.0431 0.0288 0.9281 
           1 0.0765 0.0061 0.9174 
           1 0.0102 0.0058 0.9840 
           1 0.0241 0.0267 0.9492 
           1 0.0063 0.0047 0.9890 
           1 0.1140 0.0202 0.8657 
           1 0.0805 0.0208 0.8988 
           1 0.0102 0.0237 0.9661 
           1 0.0076 0.0096 0.9828 
           1 0.1073 0.0314 0.8613 
           1 0.0294 0.0115 0.9591 
           1 0.0046 0.0058 0.9896 
           1 0.0091 0.0119 0.9790 
           1 0.0097 0.0183 0.9721 
           1 0.0046 0.0118 0.9835 
           1 0.0486 0.0119 0.9394 
           1 0.0157 0.0058 0.9785 
           1 0.0137 0.0074 0.9789 
           1 0.0183 0.0100 0.9717 
           1 0.0160 0.0117 0.9723 
           1 0.0042 0.0064 0.9894 
           1 0.0097 0.0058 0.9845 
           1 0.0034 0.1211 0.8755 
           1 0.0113 0.0128 0.9759 
           1 0.0797 0.1165 0.8039 
           1 0.0199 0.0627 0.9173 
           1 0.0100 0.0089 0.9811 
           1 0.0231 0.0117 0.9653 
           1 0.0084 0.0037 0.9879 
           1 0.0067 0.0072 0.9861 
           1 0.0082 0.0063 0.9855 
           1 0.0076 0.0054 0.9870 
           1 0.0228 0.0112 0.9660 
           1 0.0053 0.0059 0.9888 
           1 0.0267 0.0082 0.9651 
           1 0.0136 0.0476 0.9387 
           1 0.0039 0.0085 0.9877 
           1 0.0060 0.0110 0.9830 
           1 0.0719 0.1874 0.7407 
           1 0.0049 0.0029 0.9923 
           1 0.0289 0.0090 0.9621 
           1 0.0207 0.0069 0.9724 
           1 0.0060 0.0083 0.9857 
           1 0.0317 0.0952 0.8730 
           1 0.0538 0.0244 0.9218 
           1 0.0713 0.0116 0.9171 
           1 0.0085 0.0064 0.9851 
           1 0.0188 0.0223 0.9588 
           1 0.0694 0.0066 0.9240 
           1 0.0100 0.0050 0.9850 
           1 0.0050 0.0161 0.9789 
           1 0.0055 0.0049 0.9897 
           1 0.0101 0.0393 0.9506 
           1 0.1825 0.0531 0.7644 
           1 0.1009 0.1636 0.7355 
           1 0.0384 0.0496 0.9120 
           1 0.0194 0.0169 0.9637 
           1 0.0168 0.0234 0.9599 
           1 0.0292 0.0219 0.9489 
           1 0.0075 0.0047 0.9878 
           1 0.0098 0.0066 0.9837 
           1 0.0038 0.0044 0.9918 
           1 0.0114 0.0180 0.9706 
           1 0.0306 0.0232 0.9462 
           1 0.0173 0.0437 0.9390 
           1 0.0214 0.0155 0.9630 
           1 0.0117 0.0419 0.9464 
           1 0.0098 0.0052 0.9850 
           1 0.0219 0.0167 0.9614 
           1 0.0050 0.0094 0.9857 
           1 0.0095 0.0160 0.9745 
           1 0.0205 0.0483 0.9312 
           1 0.0222 0.0468 0.9310 
           1 0.0186 0.0033 0.9781 
           1 0.1045 0.0466 0.8489 
           1 0.0147 0.0084 0.9769 
           1 0.0340 0.0089 0.9571 
           1 0.0094 0.0052 0.9854 
           1 0.0094 0.0068 0.9838 
           1 0.0233 0.0203 0.9564 
           1 0.0113 0.0442 0.9445 
           1 0.0177 0.0680 0.9143 
           1 0.0171 0.0110 0.9720 
           1 0.0092 0.0264 0.9644 
           1 0.0122 0.0096 0.9782 
           1 0.0069 0.0189 0.9742 
           1 0.0577 0.0453 0.8970 
           1 0.1306 0.0203 0.8492 
           1 0.0337 0.0758 0.8905 
           1 0.0085 0.0123 0.9792 
           1 0.0193 0.0190 0.9617 
           1 0.0192 0.0450 0.9358 
           1 0.0400 0.0132 0.9468 
           1 0.0834 0.0083 0.9082 
           1 0.1540 0.1838 0.6621 
           1 0.0478 0.0136 0.9386 
           1 0.2097 0.2081 0.5822 
           1 0.3893 0.2857 0.3250 
           1 0.2059 0.3404 0.4537 
           1 0.2818 0.2290 0.4891 
           1 0.3060 0.2335 0.4605 
           1 0.2326 0.2590 0.5084 
           1 0.2971 0.1839 0.5189 
           1 0.2595 0.2513 0.4893 
           1 0.1626 0.0893 0.7481 
           1 0.1566 0.0895 0.7539 
           1 0.0182 0.0717 0.9100 
           1 0.6083 0.3455 0.0462 
           1 0.1105 0.8789 0.0107 
           1 0.1896 0.7989 0.0115 
           1 0.5915 0.4035 0.0051 
           1 0.0621 0.9216 0.0163 
           1 0.0714 0.9147 0.0138 
           1 0.4109 0.5458 0.0432 
           1 0.0209 0.9734 0.0056 
           1 0.2860 0.6938 0.0202 
           1 0.6122 0.3708 0.0170 
           1 0.5772 0.4187 0.0041 
           1 0.7104 0.2826 0.0070 
           1 0.0405 0.9545 0.0050 
           1 0.0544 0.9296 0.0160 
           1 0.0687 0.2792 0.6521 
           1 0.0193 0.2828 0.6979 
           1 0.0135 0.3129 0.6736 
           1 0.0158 0.2384 0.7458 
           1 0.0258 0.3168 0.6574 
           1 0.0307 0.2940 0.6754 
           1 0.0449 0.2354 0.7197 
           1 0.0465 0.2016 0.7519 
           1 0.0113 0.2797 0.7089 
           1 0.0454 0.2512 0.7033 
           1 0.1304 0.3418 0.5278 
           1 0.0259 0.1606 0.8135 
           1 0.0643 0.3066 0.6292 
           1 0.0193 0.2689 0.7118 
           1 0.0108 0.2745 0.7147 
           1 0.0719 0.3222 0.6059 
           1 0.0574 0.3721 0.5705 
           1 0.0470 0.2470 0.7059 
           1 0.0943 0.3755 0.5302 
           1 0.0760 0.3464 0.5776 
           1 0.0808 0.3124 0.6069 
           1 0.0586 0.4755 0.4659 
           1 0.0727 0.3163 0.6110 
           1 0.0643 0.4111 0.5246 
           1 0.0552 0.3950 0.5497 
           1 0.9682 0.0181 0.0137 
           1 0.9911 0.0046 0.0044 
           1 0.9912 0.0046 0.0042 
           1 0.9630 0.0175 0.0195 
           1 0.9811 0.0096 0.0093 
           1 0.3626 0.1385 0.4990 
           1 0.9639 0.0156 0.0206 
           1 0.9875 0.0088 0.0037 
           1 0.9904 0.0049 0.0047 
           1 0.9165 0.0296 0.0539 
           1 0.9796 0.0063 0.0141 
           1 0.9833 0.0068 0.0099 
           1 0.6470 0.3479 0.0052 
           1 0.9659 0.0220 0.0120 
           1 0.5065 0.4664 0.0271 
           1 0.6385 0.2879 0.0735 
           1 0.0718 0.2845 0.6437 
           1 0.6462 0.3475 0.0063 
           1 0.9699 0.0163 0.0138 
           1 0.9800 0.0112 0.0088 
           1 0.0098 0.1213 0.8689 
           1 0.0074 0.0135 0.9791 
           1 0.0090 0.0659 0.9250 
           1 0.0183 0.0284 0.9534 
           1 0.0110 0.0083 0.9806 
           1 0.0082 0.0349 0.9568 
           1 0.0066 0.1439 0.8495 
           1 0.0102 0.0168 0.9730 
           1 0.0169 0.0406 0.9425 
           1 0.0061 0.8303 0.1636 
           1 0.0096 0.8362 0.1541 
           1 0.1261 0.8655 0.0083 
           1 0.0212 0.8351 0.1437 
           1 0.0065 0.9878 0.0058 
           1 0.0109 0.9732 0.0159 
           1 0.0057 0.8764 0.1180 
           1 0.0655 0.9251 0.0095 
           1 0.1690 0.8065 0.0245 
           1 0.0098 0.8126 0.1776 
           1 0.0414 0.3775 0.5811 
           1 0.0191 0.3660 0.6149 
           1 0.0860 0.3535 0.5605 
           1 0.0100 0.3221 0.6679 
           1 0.1207 0.2907 0.5887 
           1 0.0110 0.4038 0.5852 
           1 0.0233 0.4328 0.5439 
           1 0.0326 0.3192 0.6482 
           1 0.0240 0.3841 0.5918 
           1 0.0381 0.3579 0.6040 
           1 0.0641 0.4258 0.5101 
           1 0.1132 0.4407 0.4461 
           1 0.0262 0.4187 0.5552 
           1 0.0441 0.2336 0.7223 
           1 0.0606 0.3341 0.6053 
           1 0.1454 0.2617 0.5930 
           1 0.0134 0.3533 0.6333 
           1 0.0464 0.4570 0.4967 
           1 0.0339 0.4124 0.5537 
           1 0.0185 0.4623 0.5192 
           1 0.0173 0.3543 0.6284 
           1 0.0541 0.4036 0.5422 
           1 0.0337 0.4652 0.5011 
           1 0.1027 0.3521 0.5452 
           1 0.2277 0.7397 0.0326 
           1 0.1607 0.8033 0.0360 
           1 0.2311 0.7640 0.0049 
           1 0.1531 0.8316 0.0153 
           1 0.6986 0.2933 0.0080 
           1 0.0071 0.9194 0.0735 
           1 0.1908 0.7839 0.0252 
           1 0.5651 0.4173 0.0176 
           1 0.6017 0.3833 0.0150 
           1 0.0649 0.9214 0.0137 
           1 0.0947 0.8853 0.0199 
           1 0.0228 0.9657 0.0116 
           1 0.0520 0.9168 0.0312 
           1 0.1723 0.8175 0.0102 
           1 0.0420 0.9545 0.0035 
           1 0.0060 0.9651 0.0289 
           1 0.0989 0.8904 0.0107 
           1 0.1375 0.8465 0.0160 
           1 0.2695 0.7169 0.0136 
           1 0.0073 0.9201 0.0726 
           1 0.0355 0.9554 0.0090 
           1 0.2895 0.7053 0.0051 
           1 0.4439 0.5502 0.0058 
           1 0.0177 0.8892 0.0931 
           1 0.1998 0.7875 0.0127 
           1 0.5980 0.3974 0.0046 
           1 0.1297 0.8588 0.0115 
           1 0.1958 0.7577 0.0465 
           1 0.1241 0.8610 0.0149 
           1 0.1228 0.3697 0.5075 
           1 0.0896 0.1867 0.7237 
           1 0.0969 0.3007 0.6024 
           1 0.0347 0.3193 0.6460 
           1 0.0170 0.2149 0.7681 
           1 0.0412 0.3751 0.5838 
           1 0.1256 0.1375 0.7370 
           1 0.0592 0.2810 0.6598 
           1 0.9098 0.0381 0.0521 
           1 0.4603 0.1674 0.3723 
           1 0.2919 0.2437 0.4644 
           1 0.1047 0.8854 0.0099 
           1 0.1052 0.8838 0.0110 
           1 0.0106 0.8405 0.1489 
           1 0.0155 0.9181 0.0664 
           1 0.0069 0.7108 0.2822 
           1 0.0125 0.7538 0.2337 
           1 0.0537 0.8627 0.0836 
           1 0.0173 0.7490 0.2337 
           1 0.0056 0.7219 0.2725 
           1 0.5865 0.3497 0.0638 
           1 0.5178 0.0569 0.4254 
           1 0.9918 0.0048 0.0035 
           1 0.9908 0.0064 0.0028 
           1 0.9571 0.0162 0.0267 
           1 0.9568 0.0250 0.0181 
           1 0.9701 0.0274 0.0025 
           1 0.9904 0.0054 0.0041 
           1 0.4087 0.1081 0.4831 
           1 0.2409 0.2949 0.4642 
           1 0.3396 0.2127 0.4477 
           1 0.2037 0.1897 0.6066 
           1 0.2550 0.1928 0.5522 
           1 0.3024 0.1485 0.5491 
           1 0.2426 0.1221 0.6353 
           1 0.1904 0.0474 0.7622 
           1 0.1773 0.1112 0.7115 
           1 0.2064 0.2407 0.5529 
           1 0.1781 0.2669 0.5550 
           1 0.2650 0.1049 0.6301 
           1 0.0787 0.2308 0.6906 
           1 0.1442 0.1766 0.6792 
           1 0.1063 0.2430 0.6507 
           1 0.0926 0.2851 0.6222 
           1 0.0147 0.8073 0.1781 
           1 0.1545 0.8401 0.0054 
           1 0.0154 0.9731 0.0114 
           1 0.0138 0.9628 0.0235 
           1 0.0974 0.8948 0.0078 
           1 0.0419 0.9264 0.0317 
           1 0.0134 0.9571 0.0296 
           1 0.1199 0.6341 0.2460 
           1 0.1564 0.8331 0.0105 
           1 0.0057 0.9900 0.0043 
           1 0.0187 0.7359 0.2454 
           1 0.0309 0.9492 0.0199 
           1 0.5630 0.4142 0.0229 
           1 0.0178 0.8902 0.0920 
           1 0.0363 0.9535 0.0102 
           1 0.0686 0.8797 0.0517 
           1 0.0253 0.9597 0.0150 
           1 0.0215 0.8832 0.0953 
           1 0.0252 0.7463 0.2284 
           1 0.0088 0.8233 0.1679 
           1 0.0268 0.7870 0.1862 
           1 0.0032 0.9943 0.0024 
           1 0.0204 0.7834 0.1962 
           1 0.0122 0.9056 0.0823 
           1 0.0261 0.9357 0.0381 
           1 0.0247 0.9386 0.0367 
           1 0.0609 0.9345 0.0046 
           1 0.0389 0.8866 0.0745 
           1 0.0071 0.9864 0.0065 
           1 0.0146 0.9597 0.0257 
           1 0.0152 0.9775 0.0073 
           1 0.0094 0.8979 0.0927 
           1 0.0115 0.9828 0.0057 
           1 0.0207 0.8837 0.0956 
           1 0.0104 0.9554 0.0342 
           1 0.0669 0.9272 0.0059 
           1 0.0063 0.9405 0.0532 
           1 0.0045 0.8511 0.1444 
           1 0.0039 0.9929 0.0033 
           1 0.1249 0.8474 0.0277 
           1 0.0208 0.9730 0.0061 
           1 0.0082 0.9857 0.0060 
           1 0.0364 0.9586 0.0050 
           1 0.0127 0.8760 0.1113 
           1 0.0542 0.9112 0.0346 
           1 0.2276 0.1200 0.6524 
           1 0.2570 0.1380 0.6050 
           1 0.9644 0.0237 0.0119 
           1 0.8673 0.0661 0.0666 
           1 0.1481 0.8455 0.0064 
           1 0.3125 0.6627 0.0248 
           1 0.0222 0.4531 0.5247 
           1 0.0842 0.2173 0.6985 
           1 0.0087 0.2605 0.7308 
           1 0.0088 0.2625 0.7287 
           1 0.0351 0.4106 0.5543 
           1 0.0178 0.2256 0.7566 
           1 0.0487 0.2706 0.6807 
           1 0.0436 0.5451 0.4113 
           1 0.1024 0.3036 0.5939 
           1 0.0221 0.4048 0.5731 
           1 0.0865 0.2196 0.6939 
           1 0.0272 0.4648 0.5080 
           1 0.0602 0.3254 0.6145 
           1 0.0104 0.3188 0.6708 
           1 0.0407 0.2433 0.7159 
           1 0.1215 0.4065 0.4720 
           1 0.0137 0.2329 0.7534 
           1 0.0135 0.2914 0.6951 
           1 0.0141 0.3258 0.6601 
           1 0.1318 0.2731 0.5951 
           1 0.0353 0.2820 0.6828 
           1 0.0346 0.2702 0.6951 
           1 0.0222 0.2391 0.7387 
           1 0.0126 0.2015 0.7859 
           1 0.0076 0.2255 0.7668 
           1 0.0206 0.1388 0.8407 
           1 0.0969 0.2335 0.6696 
           1 0.0895 0.3178 0.5927 
           1 0.0339 0.4924 0.4737 
           1 0.0423 0.3654 0.5923 
           1 0.0352 0.2890 0.6758 
           1 0.1278 0.2102 0.6620 
           1 0.0197 0.2697 0.7106 
           1 0.0409 0.2996 0.6595 
           1 0.0126 0.3552 0.6322 
           1 0.0121 0.4061 0.5817 
           1 0.0739 0.1717 0.7544 
           1 0.0661 0.3297 0.6042 
           1 0.0215 0.4846 0.4939 
           1 0.0399 0.2850 0.6752 
           1 0.1143 0.0639 0.8218 
           1 0.0967 0.2835 0.6198 
           1 0.0124 0.2641 0.7235 
           1 0.0567 0.2837 0.6595 
           1 0.0075 0.2890 0.7035 
           1 0.0758 0.2844 0.6398 
           1 0.1404 0.2536 0.6060 
           1 0.0271 0.3437 0.6292 
           1 0.0453 0.3081 0.6465 
           1 0.0725 0.8426 0.0849 
           1 0.4230 0.4440 0.1329 
           1 0.0116 0.7663 0.2221 
           1 0.0233 0.5977 0.3790 
           1 0.0263 0.6066 0.3671 
           1 0.0407 0.6222 0.3371 
           1 0.0110 0.9782 0.0108 
           1 0.3432 0.5658 0.0910 
           1 0.0076 0.8548 0.1376 
           1 0.0272 0.7709 0.2019 
           1 0.0772 0.4436 0.4792 
           1 0.0357 0.3242 0.6401 
           1 0.7158 0.2767 0.0075 
           1 0.0884 0.8802 0.0315 
           1 0.0271 0.9418 0.0311 
           1 0.0342 0.9556 0.0102 
           1 0.0751 0.8992 0.0257 
           1 0.1251 0.0141 0.8608 
           1 0.0844 0.2624 0.6533 
           1 0.0099 0.0314 0.9587 
           1 0.1126 0.0726 0.8148 
           1 0.7716 0.2229 0.0055 
           1 0.9803 0.0152 0.0045 
           1 0.0193 0.6445 0.3361 
           1 0.0077 0.7819 0.2104 
           1 0.9855 0.0056 0.0089 
           1 0.9892 0.0051 0.0057 
           1 0.9919 0.0061 0.0020 
           1 0.7800 0.1854 0.0345 
           1 0.0048 0.7723 0.2229 
           1 0.0986 0.2912 0.6102 
           1 0.1057 0.2085 0.6858 
           1 0.2377 0.2247 0.5376 
           1 0.0534 0.3210 0.6256 
           1 0.0138 0.2641 0.7221 
           1 0.0177 0.5423 0.4401 
           1 0.2157 0.3157 0.4686 
           1 0.1786 0.3424 0.4790 
           1 0.1250 0.5849 0.2901 
           1 0.1566 0.0647 0.7786 
           1 0.0518 0.3054 0.6428 
           1 0.0284 0.3603 0.6113 
           1 0.1712 0.2821 0.5467 
           1 0.1196 0.2932 0.5872 
           1 0.1637 0.3092 0.5271 
           1 0.1534 0.2978 0.5489 
           1 0.0787 0.2836 0.6376 
           1 0.0344 0.3735 0.5921 
           1 0.0528 0.4044 0.5428 
           1 0.9764 0.0195 0.0041 
           1 0.9810 0.0079 0.0111 
           1 0.9570 0.0263 0.0167 
           1 0.7936 0.1874 0.0190 
           1 0.9890 0.0050 0.0060 
           1 0.9921 0.0045 0.0034 
           1 0.7037 0.2924 0.0038 
           1 0.9473 0.0278 0.0248 
           1 0.9780 0.0134 0.0087 
           1 0.9917 0.0052 0.0031 
