           1 0.0023 0.0121 0.0031 0.9802 0.0023 
           1 0.0039 0.0052 0.0021 0.9848 0.0041 
           1 0.3488 0.0019 0.0030 0.6443 0.0020 
           1 0.0030 0.0056 0.0047 0.9814 0.0053 
           1 0.0036 0.0206 0.0071 0.9339 0.0348 
           1 0.0066 0.1028 0.0043 0.8846 0.0017 
           1 0.0018 0.0053 0.0083 0.9824 0.0021 
           1 0.0041 0.0134 0.1959 0.7795 0.0071 
           1 0.2464 0.0023 0.0038 0.7467 0.0009 
           1 0.0285 0.1079 0.0078 0.8407 0.0151 
           1 0.0040 0.0494 0.0104 0.9241 0.0121 
           1 0.1873 0.0064 0.0042 0.8005 0.0017 
           1 0.0031 0.0059 0.0113 0.9750 0.0048 
           1 0.0021 0.0465 0.3152 0.6307 0.0056 
           1 0.0041 0.0259 0.0315 0.9335 0.0051 
           1 0.3029 0.0016 0.0017 0.6930 0.0009 
           1 0.0029 0.0019 0.0102 0.9742 0.0108 
           1 0.0036 0.0035 0.0369 0.9460 0.0100 
           1 0.1214 0.0038 0.0113 0.8579 0.0057 
           1 0.0147 0.0270 0.2141 0.7428 0.0014 
           1 0.0028 0.0060 0.0088 0.9783 0.0041 
           1 0.0046 0.0069 0.0126 0.9719 0.0040 
           1 0.3778 0.0057 0.0047 0.6085 0.0033 
           1 0.0174 0.0068 0.0026 0.9653 0.0080 
           1 0.0060 0.0021 0.0087 0.9815 0.0017 
           1 0.0031 0.0052 0.0115 0.9740 0.0061 
           1 0.3006 0.0011 0.0091 0.6791 0.0102 
           1 0.0125 0.0078 0.0258 0.9437 0.0102 
           1 0.0022 0.0513 0.1718 0.7260 0.0486 
           1 0.0561 0.0066 0.0060 0.8778 0.0535 
           1 0.3693 0.0035 0.0021 0.6244 0.0006 
           1 0.1765 0.0072 0.0066 0.8067 0.0031 
           1 0.0067 0.0026 0.0044 0.9844 0.0019 
           1 0.0064 0.0030 0.0180 0.9703 0.0023 
           1 0.2723 0.0044 0.0022 0.7198 0.0013 
           1 0.0110 0.0030 0.0055 0.9790 0.0015 
           1 0.0041 0.0128 0.0114 0.9641 0.0076 
           1 0.0022 0.0017 0.0041 0.9902 0.0018 
           1 0.2903 0.0063 0.0099 0.6907 0.0028 
           1 0.0082 0.0038 0.0082 0.9322 0.0477 
           1 0.0067 0.0019 0.0053 0.9832 0.0029 
           1 0.0030 0.0037 0.0062 0.9820 0.0052 
           1 0.2120 0.0458 0.3147 0.4105 0.0169 
           1 0.0023 0.0020 0.0024 0.9915 0.0017 
           1 0.0010 0.0090 0.0599 0.9247 0.0053 
           1 0.0034 0.0099 0.0221 0.9628 0.0017 
           1 0.3501 0.0012 0.0026 0.6452 0.0009 
           1 0.0090 0.0240 0.0221 0.8451 0.0998 
           1 0.0047 0.0740 0.0410 0.8574 0.0229 
           1 0.0021 0.0296 0.0068 0.9526 0.0088 
           1 0.2281 0.0023 0.0008 0.7678 0.0010 
           1 0.0030 0.0085 0.1489 0.8274 0.0120 
           1 0.0018 0.0471 0.0061 0.9403 0.0047 
           1 0.0035 0.0059 0.0128 0.9738 0.0040 
           1 0.3112 0.0011 0.0024 0.6824 0.0028 
           1 0.0033 0.0021 0.0095 0.9834 0.0018 
           1 0.0057 0.0025 0.0128 0.9539 0.0251 
           1 0.2624 0.1327 0.1392 0.4622 0.0035 
           1 0.0031 0.0567 0.5915 0.3438 0.0048 
           1 0.0018 0.0270 0.0317 0.8965 0.0430 
           1 0.0044 0.0091 0.0364 0.9355 0.0145 
           1 0.2961 0.0031 0.0026 0.6945 0.0037 
           1 0.0222 0.0124 0.0085 0.9403 0.0166 
           1 0.0058 0.0036 0.0071 0.9814 0.0020 
           1 0.0045 0.0038 0.0041 0.9853 0.0022 
           1 0.2103 0.0014 0.0018 0.7856 0.0010 
           1 0.0025 0.0061 0.0757 0.9076 0.0080 
           1 0.0054 0.0125 0.0053 0.9493 0.0275 
           1 0.0528 0.0041 0.2992 0.6362 0.0076 
           1 0.3637 0.0040 0.0048 0.6259 0.0017 
           1 0.1307 0.0058 0.0160 0.8341 0.0134 
           1 0.0120 0.0056 0.0131 0.9666 0.0027 
           1 0.0437 0.0179 0.0351 0.8944 0.0088 
           1 0.3087 0.0013 0.0082 0.6804 0.0014 
           1 0.0298 0.0032 0.0141 0.9342 0.0187 
           1 0.0034 0.0104 0.0109 0.9135 0.0618 
           1 0.0084 0.0242 0.1779 0.7798 0.0097 
           1 0.2823 0.0040 0.0032 0.7092 0.0013 
           1 0.0508 0.0743 0.0090 0.8336 0.0322 
           1 0.0035 0.0107 0.0117 0.9720 0.0022 
           1 0.0028 0.0346 0.0088 0.9434 0.0104 
           1 0.2417 0.0021 0.0185 0.7366 0.0010 
           1 0.0038 0.0084 0.0039 0.9805 0.0034 
           1 0.0019 0.0067 0.0159 0.9557 0.0197 
           1 0.0034 0.0082 0.0428 0.9340 0.0115 
           1 0.3639 0.0047 0.0102 0.6151 0.0060 
           1 0.0142 0.0034 0.0201 0.9558 0.0064 
           1 0.0092 0.0040 0.0181 0.9549 0.0138 
           1 0.0030 0.0059 0.0138 0.9714 0.0058 
           1 0.2830 0.0014 0.0047 0.7088 0.0021 
           1 0.0067 0.0201 0.1987 0.7461 0.0283 
           1 0.0032 0.1468 0.1116 0.7340 0.0045 
           1 0.0211 0.0093 0.2720 0.6605 0.0371 
           1 0.0034 0.0070 0.0487 0.9331 0.0078 
           1 0.0583 0.0115 0.2742 0.6544 0.0017 
           1 0.0050 0.0012 0.3256 0.6667 0.0015 
           1 0.0052 0.0338 0.0253 0.9265 0.0091 
           1 0.0412 0.0414 0.1004 0.8112 0.0059 
           1 0.1537 0.1319 0.2881 0.4119 0.0144 
           1 0.0054 0.0580 0.0507 0.8804 0.0055 
           1 0.0046 0.1849 0.3293 0.3607 0.1205 
           1 0.0043 0.3515 0.2813 0.1628 0.2000 
           1 0.1943 0.1618 0.5061 0.0345 0.1032 
           1 0.0197 0.2592 0.4593 0.2057 0.0561 
           1 0.0063 0.3019 0.3970 0.2165 0.0784 
           1 0.0633 0.2127 0.2917 0.2953 0.1370 
           1 0.1651 0.2582 0.3600 0.1942 0.0224 
           1 0.0033 0.2225 0.3990 0.2540 0.1212 
           1 0.1127 0.0569 0.4369 0.3923 0.0013 
           1 0.0031 0.0501 0.6956 0.2457 0.0055 
           1 0.0045 0.0095 0.1151 0.8340 0.0370 
           1 0.0051 0.5758 0.1510 0.0209 0.2471 
           1 0.0346 0.1150 0.0276 0.0110 0.8119 
           1 0.1102 0.1751 0.0041 0.0015 0.7091 
           1 0.0026 0.5950 0.0047 0.0019 0.3958 
           1 0.0225 0.0571 0.0484 0.0081 0.8639 
           1 0.0041 0.0864 0.0240 0.0048 0.8807 
           1 0.1112 0.3876 0.0153 0.0094 0.4765 
           1 0.0045 0.0179 0.0176 0.0055 0.9545 
           1 0.0038 0.2959 0.0104 0.0051 0.6848 
           1 0.0472 0.6023 0.0461 0.0032 0.3012 
           1 0.0030 0.5947 0.0141 0.0019 0.3862 
           1 0.0014 0.6955 0.0095 0.0023 0.2913 
           1 0.0024 0.0341 0.0036 0.0068 0.9531 
           1 0.0388 0.0538 0.0145 0.0057 0.8872 
           1 0.2272 0.0226 0.7192 0.0215 0.0095 
           1 0.0027 0.0024 0.8416 0.1432 0.0100 
           1 0.0032 0.0031 0.8760 0.1140 0.0037 
           1 0.0265 0.0016 0.9348 0.0358 0.0013 
           1 0.0362 0.0070 0.8921 0.0547 0.0100 
           1 0.2070 0.0042 0.7838 0.0035 0.0015 
           1 0.0082 0.0056 0.9523 0.0313 0.0025 
           1 0.0035 0.0041 0.7729 0.2124 0.0071 
           1 0.1301 0.0016 0.8410 0.0227 0.0047 
           1 0.2806 0.0102 0.6906 0.0163 0.0023 
           1 0.0028 0.0813 0.8863 0.0113 0.0183 
           1 0.0030 0.0030 0.6974 0.2930 0.0036 
           1 0.0022 0.0138 0.9454 0.0283 0.0103 
           1 0.0041 0.0019 0.9396 0.0518 0.0026 
           1 0.0022 0.0017 0.9771 0.0158 0.0031 
           1 0.0036 0.0146 0.9227 0.0250 0.0340 
           1 0.0151 0.0108 0.9147 0.0162 0.0432 
           1 0.0315 0.0055 0.8102 0.1478 0.0050 
           1 0.0021 0.0229 0.9604 0.0044 0.0102 
           1 0.0030 0.0130 0.9760 0.0041 0.0039 
           1 0.0018 0.0217 0.8764 0.0489 0.0511 
           1 0.0443 0.0094 0.9003 0.0022 0.0438 
           1 0.0028 0.0092 0.9756 0.0078 0.0046 
           1 0.0025 0.0160 0.9638 0.0044 0.0134 
           1 0.0272 0.0038 0.9562 0.0030 0.0099 
           1 0.1715 0.8237 0.0010 0.0009 0.0029 
           1 0.0032 0.9897 0.0019 0.0027 0.0024 
           1 0.0029 0.9911 0.0028 0.0015 0.0017 
           1 0.0047 0.9463 0.0421 0.0056 0.0013 
           1 0.0549 0.9356 0.0034 0.0036 0.0026 
           1 0.0044 0.3065 0.4549 0.2006 0.0336 
           1 0.0067 0.9553 0.0034 0.0227 0.0118 
           1 0.0018 0.9875 0.0026 0.0038 0.0043 
           1 0.0116 0.9747 0.0044 0.0083 0.0012 
           1 0.0026 0.8878 0.0674 0.0351 0.0071 
           1 0.0041 0.9740 0.0051 0.0105 0.0063 
           1 0.0040 0.9857 0.0052 0.0026 0.0025 
           1 0.2742 0.5858 0.0041 0.0009 0.1350 
           1 0.0473 0.9381 0.0055 0.0044 0.0046 
           1 0.3228 0.4293 0.0048 0.0028 0.2404 
           1 0.3529 0.5671 0.0021 0.0023 0.0755 
           1 0.3426 0.0252 0.6116 0.0137 0.0069 
           1 0.0035 0.6373 0.0019 0.0078 0.3495 
           1 0.1259 0.8683 0.0019 0.0013 0.0027 
           1 0.0129 0.9620 0.0185 0.0041 0.0025 
           1 0.0805 0.0037 0.1791 0.7086 0.0282 
           1 0.0038 0.0082 0.0848 0.8996 0.0036 
           1 0.4798 0.0050 0.0596 0.4498 0.0058 
           1 0.2837 0.0072 0.0225 0.6846 0.0021 
           1 0.3394 0.0057 0.0068 0.6469 0.0012 
           1 0.3489 0.0027 0.0069 0.6379 0.0036 
           1 0.4913 0.0012 0.0917 0.4117 0.0042 
           1 0.1731 0.0026 0.1470 0.6763 0.0010 
           1 0.0398 0.0068 0.0797 0.8589 0.0148 
           1 0.0068 0.0022 0.2988 0.0051 0.6871 
           1 0.1055 0.0074 0.1851 0.0100 0.6920 
           1 0.0037 0.1261 0.0108 0.0051 0.8543 
           1 0.0094 0.0148 0.2215 0.0434 0.7109 
           1 0.0245 0.0029 0.0170 0.0024 0.9532 
           1 0.1358 0.0018 0.0087 0.0051 0.8487 
           1 0.0267 0.0016 0.2453 0.0112 0.7153 
           1 0.0064 0.0620 0.0035 0.0069 0.9212 
           1 0.1171 0.1477 0.0045 0.0075 0.7231 
           1 0.2472 0.0041 0.0750 0.0074 0.6663 
           1 0.0020 0.0065 0.9743 0.0077 0.0094 
           1 0.0265 0.0045 0.9161 0.0319 0.0209 
           1 0.0038 0.0122 0.9756 0.0051 0.0033 
           1 0.0806 0.0056 0.9046 0.0035 0.0058 
           1 0.0030 0.0154 0.9626 0.0144 0.0046 
           1 0.0045 0.0051 0.9613 0.0162 0.0129 
           1 0.0417 0.0050 0.9413 0.0017 0.0103 
           1 0.1954 0.0019 0.7811 0.0185 0.0031 
           1 0.0026 0.0103 0.9698 0.0054 0.0119 
           1 0.0051 0.0028 0.9687 0.0162 0.0071 
           1 0.0045 0.0158 0.9307 0.0028 0.0463 
           1 0.0984 0.0139 0.8531 0.0014 0.0331 
           1 0.0018 0.0049 0.9743 0.0063 0.0127 
           1 0.0058 0.0059 0.6979 0.2849 0.0055 
           1 0.0339 0.0154 0.9388 0.0069 0.0049 
           1 0.1735 0.0646 0.7530 0.0069 0.0020 
           1 0.0017 0.0073 0.7675 0.1747 0.0488 
           1 0.0030 0.0077 0.9151 0.0029 0.0713 
           1 0.3171 0.0131 0.6075 0.0080 0.0543 
           1 0.0031 0.0038 0.7932 0.0259 0.1741 
           1 0.0035 0.0048 0.9560 0.0167 0.0191 
           1 0.0043 0.0150 0.8230 0.0151 0.1426 
           1 0.2365 0.0078 0.7055 0.0038 0.0465 
           1 0.3777 0.0291 0.5824 0.0034 0.0074 
           1 0.0076 0.2341 0.0499 0.0149 0.6934 
           1 0.0043 0.1716 0.0049 0.0178 0.8014 
           1 0.0028 0.2372 0.0043 0.0099 0.7458 
           1 0.3246 0.0638 0.0030 0.0028 0.6057 
           1 0.0419 0.6661 0.0011 0.0037 0.2872 
           1 0.2994 0.0027 0.0021 0.0039 0.6920 
           1 0.3019 0.1283 0.0022 0.0017 0.5659 
           1 0.0044 0.5609 0.0066 0.0200 0.4081 
           1 0.0064 0.5798 0.0080 0.0121 0.3938 
           1 0.0033 0.0808 0.0273 0.0167 0.8719 
           1 0.0044 0.0965 0.0048 0.0094 0.8849 
           1 0.1012 0.0080 0.0128 0.0039 0.8741 
           1 0.0536 0.0347 0.0301 0.0135 0.8680 
           1 0.0024 0.1795 0.0071 0.0076 0.8033 
           1 0.0020 0.0386 0.0030 0.0039 0.9525 
           1 0.2699 0.0026 0.0023 0.0016 0.7235 
           1 0.0023 0.1050 0.0076 0.0131 0.8721 
           1 0.0018 0.1455 0.0196 0.0152 0.8178 
           1 0.0042 0.2639 0.0063 0.0079 0.7176 
           1 0.1402 0.0025 0.0097 0.0164 0.8311 
           1 0.0058 0.0153 0.0146 0.0075 0.9568 
           1 0.0027 0.2877 0.0022 0.0050 0.7024 
           1 0.0026 0.4454 0.0097 0.0030 0.5392 
           1 0.0236 0.0104 0.0927 0.0502 0.8231 
           1 0.2450 0.1527 0.0020 0.0028 0.5976 
           1 0.0022 0.5849 0.0062 0.0027 0.4040 
           1 0.0038 0.1426 0.0050 0.0149 0.8337 
           1 0.0072 0.1856 0.0055 0.0794 0.7222 
           1 0.0027 0.1261 0.0222 0.0209 0.8281 
           1 0.2286 0.0410 0.7131 0.0056 0.0117 
           1 0.0041 0.0145 0.7958 0.1598 0.0258 
           1 0.0048 0.0665 0.9017 0.0155 0.0115 
           1 0.0344 0.0060 0.9178 0.0323 0.0095 
           1 0.3661 0.0033 0.5897 0.0343 0.0066 
           1 0.1219 0.0120 0.8408 0.0086 0.0167 
           1 0.0156 0.0363 0.7650 0.1799 0.0032 
           1 0.0041 0.0078 0.9629 0.0150 0.0102 
           1 0.1463 0.8298 0.0154 0.0042 0.0044 
           1 0.2942 0.4142 0.2801 0.0096 0.0018 
           1 0.0067 0.2714 0.4840 0.1931 0.0448 
           1 0.0220 0.1397 0.0207 0.0029 0.8146 
           1 0.0017 0.1315 0.0072 0.0037 0.8558 
           1 0.0038 0.0034 0.2925 0.0122 0.6882 
           1 0.0160 0.0057 0.2292 0.0089 0.7403 
           1 0.2864 0.0017 0.1935 0.0078 0.5107 
           1 0.0026 0.0029 0.3291 0.0524 0.6130 
           1 0.0029 0.0160 0.2924 0.0034 0.6853 
           1 0.0031 0.0066 0.4093 0.0148 0.5661 
           1 0.0019 0.0016 0.4536 0.0166 0.5264 
           1 0.1426 0.5526 0.0261 0.0201 0.2586 
           1 0.0033 0.5043 0.0332 0.4168 0.0424 
           1 0.0015 0.9912 0.0035 0.0023 0.0015 
           1 0.0045 0.9774 0.0108 0.0024 0.0050 
           1 0.2174 0.7803 0.0010 0.0007 0.0006 
           1 0.0033 0.9471 0.0326 0.0040 0.0130 
           1 0.0048 0.9677 0.0058 0.0016 0.0201 
           1 0.0015 0.9888 0.0036 0.0040 0.0021 
           1 0.0033 0.3878 0.2337 0.3434 0.0318 
           1 0.0032 0.2346 0.1070 0.3980 0.2572 
           1 0.0035 0.3463 0.2178 0.3014 0.1310 
           1 0.0176 0.1946 0.0653 0.5567 0.1657 
           1 0.2733 0.2225 0.2989 0.1841 0.0212 
           1 0.0055 0.2261 0.4539 0.2818 0.0327 
           1 0.0025 0.2264 0.2478 0.4815 0.0418 
           1 0.0109 0.1186 0.4915 0.3760 0.0030 
           1 0.3559 0.1594 0.0690 0.4087 0.0070 
           1 0.0064 0.1923 0.1275 0.5084 0.1654 
           1 0.0019 0.1214 0.7554 0.0975 0.0238 
           1 0.0022 0.2125 0.5220 0.2583 0.0050 
           1 0.1632 0.0384 0.6343 0.1549 0.0091 
           1 0.0686 0.0385 0.8228 0.0467 0.0234 
           1 0.0030 0.0898 0.4726 0.3844 0.0502 
           1 0.0090 0.0629 0.2713 0.4475 0.2093 
           1 0.3598 0.0027 0.0220 0.0028 0.6127 
           1 0.0564 0.1269 0.0037 0.0067 0.8063 
           1 0.0023 0.0155 0.0157 0.0107 0.9559 
           1 0.0031 0.0032 0.0281 0.0384 0.9272 
           1 0.0067 0.1235 0.0214 0.0045 0.8439 
           1 0.2204 0.0208 0.0060 0.0029 0.7499 
           1 0.0028 0.0062 0.0388 0.0312 0.9210 
           1 0.0078 0.1099 0.2822 0.0738 0.5263 
           1 0.0395 0.1355 0.0043 0.0072 0.8135 
           1 0.0226 0.0026 0.0050 0.0035 0.9664 
           1 0.3370 0.0303 0.0258 0.0326 0.5744 
           1 0.0493 0.0290 0.0132 0.0126 0.8960 
           1 0.0325 0.5634 0.0072 0.0145 0.3823 
           1 0.0126 0.0066 0.1720 0.0228 0.7860 
           1 0.2323 0.0066 0.0017 0.0033 0.7561 
           1 0.0090 0.0397 0.2634 0.0080 0.6798 
           1 0.0064 0.0323 0.0178 0.0055 0.9380 
           1 0.3344 0.0093 0.0128 0.0024 0.6411 
           1 0.0026 0.0097 0.3852 0.0188 0.5838 
           1 0.0049 0.0048 0.1556 0.1031 0.7316 
           1 0.0033 0.0220 0.2396 0.0585 0.6765 
           1 0.0023 0.0007 0.0010 0.0034 0.9926 
           1 0.0049 0.0116 0.2825 0.0370 0.6640 
           1 0.2845 0.0037 0.0030 0.0026 0.7063 
           1 0.0193 0.0172 0.0725 0.0247 0.8663 
           1 0.0022 0.0070 0.0231 0.0920 0.8756 
           1 0.0020 0.0758 0.0063 0.0040 0.9119 
           1 0.3262 0.0120 0.0065 0.0045 0.6509 
           1 0.0015 0.0029 0.0062 0.0064 0.9830 
           1 0.0034 0.0099 0.0405 0.0197 0.9265 
           1 0.0044 0.0063 0.0057 0.0049 0.9787 
           1 0.2788 0.0025 0.0238 0.0031 0.6919 
           1 0.0039 0.0104 0.0119 0.0044 0.9695 
           1 0.0021 0.0103 0.2314 0.0238 0.7324 
           1 0.0215 0.0071 0.0102 0.0510 0.9101 
           1 0.0029 0.0777 0.0084 0.0032 0.9079 
           1 0.1022 0.0031 0.0145 0.0232 0.8570 
           1 0.0042 0.0020 0.2901 0.0106 0.6931 
           1 0.0019 0.0021 0.0045 0.0042 0.9873 
           1 0.0063 0.1574 0.0480 0.0175 0.7708 
           1 0.0421 0.0172 0.0050 0.0072 0.9285 
           1 0.0033 0.0040 0.0081 0.0056 0.9789 
           1 0.0059 0.0205 0.0085 0.0063 0.9587 
           1 0.0032 0.0032 0.2880 0.0023 0.7034 
           1 0.0211 0.0175 0.1672 0.0119 0.7823 
           1 0.0060 0.1769 0.5242 0.2846 0.0083 
           1 0.0069 0.2108 0.4921 0.2866 0.0037 
           1 0.1009 0.8885 0.0074 0.0017 0.0015 
           1 0.0051 0.8138 0.1659 0.0121 0.0031 
           1 0.0030 0.1910 0.0025 0.0065 0.7971 
           1 0.0627 0.2723 0.0618 0.0167 0.5865 
           1 0.1665 0.0070 0.7294 0.0162 0.0809 
           1 0.0023 0.0196 0.9549 0.0206 0.0025 
           1 0.0070 0.0020 0.9667 0.0225 0.0018 
           1 0.0036 0.0016 0.7691 0.2203 0.0054 
           1 0.0071 0.0060 0.9721 0.0031 0.0117 
           1 0.0022 0.0052 0.6769 0.2998 0.0158 
           1 0.0083 0.0066 0.9666 0.0131 0.0054 
           1 0.0043 0.0162 0.7412 0.0092 0.2292 
           1 0.1507 0.0121 0.8054 0.0160 0.0157 
           1 0.0037 0.0018 0.9219 0.0173 0.0553 
           1 0.0046 0.0331 0.8147 0.1454 0.0022 
           1 0.0156 0.0066 0.9117 0.0079 0.0583 
           1 0.0027 0.0111 0.9644 0.0102 0.0117 
           1 0.0042 0.0039 0.9280 0.0543 0.0096 
           1 0.1280 0.0093 0.6902 0.1680 0.0044 
           1 0.0049 0.0386 0.8995 0.0082 0.0488 
           1 0.0039 0.0044 0.7433 0.2422 0.0062 
           1 0.0034 0.0029 0.9505 0.0402 0.0030 
           1 0.0063 0.0048 0.9525 0.0263 0.0101 
           1 0.0272 0.0435 0.9090 0.0135 0.0067 
           1 0.0150 0.0029 0.9566 0.0223 0.0032 
           1 0.1850 0.0050 0.7351 0.0536 0.0214 
           1 0.0064 0.0040 0.8010 0.1851 0.0035 
           1 0.0702 0.0025 0.7852 0.1402 0.0020 
           1 0.0084 0.0011 0.9489 0.0403 0.0012 
           1 0.2511 0.0035 0.6584 0.0859 0.0012 
           1 0.0050 0.0149 0.9508 0.0247 0.0047 
           1 0.0038 0.0203 0.8937 0.0554 0.0269 
           1 0.1210 0.0071 0.6520 0.0070 0.2129 
           1 0.2502 0.0142 0.7063 0.0100 0.0195 
           1 0.0027 0.0113 0.9379 0.0391 0.0090 
           1 0.0048 0.0411 0.7305 0.2081 0.0155 
           1 0.0040 0.0063 0.8523 0.1336 0.0038 
           1 0.0070 0.0055 0.8236 0.1529 0.0110 
           1 0.0029 0.0022 0.9666 0.0210 0.0072 
           1 0.0013 0.0044 0.9171 0.0168 0.0605 
           1 0.0034 0.0074 0.8084 0.1785 0.0023 
           1 0.0211 0.0113 0.9550 0.0039 0.0087 
           1 0.0068 0.0057 0.9313 0.0256 0.0306 
           1 0.0050 0.0104 0.8305 0.1513 0.0029 
           1 0.0048 0.0238 0.6232 0.3474 0.0009 
           1 0.0659 0.0273 0.9009 0.0037 0.0021 
           1 0.0032 0.0025 0.8224 0.1671 0.0048 
           1 0.0028 0.0081 0.9355 0.0503 0.0033 
           1 0.0361 0.0013 0.9457 0.0140 0.0030 
           1 0.1974 0.0123 0.7740 0.0099 0.0065 
           1 0.0023 0.0985 0.6894 0.2005 0.0093 
           1 0.0020 0.0023 0.9867 0.0054 0.0036 
           1 0.0029 0.0066 0.8311 0.1426 0.0169 
           1 0.0060 0.0566 0.1884 0.0206 0.7285 
           1 0.0034 0.3837 0.1935 0.0845 0.3349 
           1 0.0160 0.0049 0.2710 0.0485 0.6597 
           1 0.0019 0.0104 0.6205 0.0337 0.3336 
           1 0.0024 0.0077 0.4590 0.0392 0.4916 
           1 0.0022 0.0080 0.6431 0.0126 0.3341 
           1 0.0271 0.0077 0.0625 0.0041 0.8986 
           1 0.1244 0.3053 0.0958 0.0238 0.4507 
           1 0.0033 0.0018 0.1624 0.0515 0.7810 
           1 0.0107 0.0097 0.0306 0.2093 0.7398 
           1 0.0028 0.0151 0.9501 0.0024 0.0296 
           1 0.0085 0.0039 0.9661 0.0122 0.0093 
           1 0.1128 0.6862 0.0019 0.0030 0.1961 
           1 0.0071 0.0991 0.0281 0.0123 0.8533 
           1 0.0097 0.0267 0.0508 0.0264 0.8864 
           1 0.1068 0.0355 0.0060 0.0034 0.8482 
           1 0.2114 0.0349 0.0061 0.0021 0.7456 
           1 0.0054 0.1047 0.0065 0.8777 0.0057 
           1 0.0062 0.0386 0.4398 0.4010 0.1144 
           1 0.1233 0.0077 0.0087 0.8550 0.0053 
           1 0.0256 0.0921 0.2512 0.6222 0.0089 
           1 0.1521 0.7217 0.0017 0.0018 0.1227 
           1 0.0440 0.9442 0.0042 0.0042 0.0033 
           1 0.0058 0.0010 0.4663 0.0326 0.4943 
           1 0.0951 0.0014 0.2285 0.0161 0.6590 
           1 0.0033 0.9869 0.0025 0.0041 0.0032 
           1 0.0136 0.9767 0.0034 0.0042 0.0021 
           1 0.0013 0.9939 0.0016 0.0010 0.0021 
           1 0.0085 0.7616 0.0241 0.0215 0.1843 
           1 0.0050 0.0013 0.3448 0.0127 0.6362 
           1 0.0700 0.0195 0.8814 0.0270 0.0022 
           1 0.0031 0.0575 0.7788 0.1523 0.0082 
           1 0.0028 0.0601 0.9242 0.0090 0.0039 
           1 0.0022 0.0056 0.9832 0.0052 0.0037 
           1 0.0029 0.0036 0.9379 0.0519 0.0037 
           1 0.0524 0.0050 0.7188 0.0090 0.2147 
           1 0.0971 0.1153 0.7316 0.0227 0.0334 
           1 0.0020 0.0954 0.8751 0.0110 0.0164 
           1 0.0065 0.0322 0.8423 0.0065 0.1125 
           1 0.0100 0.0548 0.6598 0.2616 0.0137 
           1 0.0050 0.0101 0.9702 0.0106 0.0041 
           1 0.0025 0.0038 0.9671 0.0138 0.0128 
           1 0.0024 0.1159 0.8627 0.0108 0.0082 
           1 0.0427 0.0279 0.9236 0.0031 0.0028 
           1 0.0194 0.0967 0.8305 0.0190 0.0344 
           1 0.0022 0.0411 0.9416 0.0068 0.0083 
           1 0.0035 0.0079 0.9807 0.0036 0.0043 
           1 0.0182 0.0067 0.9649 0.0049 0.0054 
           1 0.0023 0.0134 0.8596 0.0128 0.1119 
           1 0.0033 0.9685 0.0096 0.0021 0.0164 
           1 0.1500 0.8424 0.0041 0.0016 0.0018 
           1 0.0031 0.9362 0.0209 0.0211 0.0186 
           1 0.2125 0.7201 0.0047 0.0029 0.0597 
           1 0.0020 0.9843 0.0018 0.0068 0.0051 
           1 0.0012 0.9922 0.0018 0.0023 0.0025 
           1 0.0040 0.7096 0.0193 0.0066 0.2605 
           1 0.0023 0.9286 0.0225 0.0180 0.0286 
           1 0.0020 0.9702 0.0081 0.0131 0.0067 
           1 0.0021 0.9905 0.0039 0.0020 0.0015 
